| Threshold | Scale factor | Min. neighbors | Precision | Recall |
| 0.00 | 1.05 | 1.00 | 1.00 | 0.76 |
| 0.00 | 1.05 | 2.00 | 1.00 | 0.69 |
| 0.00 | 1.05 | 3.00 | 1.00 | 0.64 |
| 0.00 | 1.05 | 4.00 | 1.00 | 0.60 |
| 0.00 | 1.10 | 1.00 | 1.00 | 0.60 |
| 0.00 | 1.10 | 2.00 | 1.00 | 0.58 |
| 0.00 | 1.10 | 3.00 | 1.00 | 0.56 |
| 0.00 | 1.10 | 4.00 | 1.00 | 0.53 |
| 0.00 | 1.15 | 1.00 | 1.00 | 0.53 |
| 0.00 | 1.15 | 2.00 | 1.00 | 0.52 |
| 0.00 | 1.15 | 3.00 | 1.00 | 0.50 |
| 0.00 | 1.15 | 4.00 | 1.00 | 0.49 |
| 0.00 | 1.20 | 1.00 | 1.00 | 0.48 |
| 0.00 | 1.20 | 2.00 | 1.00 | 0.47 |
| 0.00 | 1.20 | 3.00 | 1.00 | 0.46 |
| 0.00 | 1.20 | 4.00 | 1.00 | 0.45 |
| 0.00 | 1.25 | 1.00 | 1.00 | 0.44 |
| 0.00 | 1.25 | 2.00 | 1.00 | 0.44 |
| 0.00 | 1.25 | 3.00 | 1.00 | 0.43 |
| 0.00 | 1.25 | 4.00 | 1.00 | 0.41 |
| 0.00 | 1.30 | 1.00 | 1.00 | 0.41 |
| 0.00 | 1.30 | 2.00 | 1.00 | 0.41 |
| 0.00 | 1.30 | 3.00 | 1.00 | 0.40 |
| 0.00 | 1.30 | 4.00 | 1.00 | 0.39 |
| 0.01 | 1.05 | 1.00 | 0.55 | 0.64 |
| 0.01 | 1.05 | 2.00 | 0.61 | 0.58 |
| 0.01 | 1.05 | 3.00 | 0.65 | 0.53 |
| 0.01 | 1.05 | 4.00 | 0.68 | 0.50 |
| 0.01 | 1.10 | 1.00 | 0.68 | 0.51 |
| 0.01 | 1.10 | 2.00 | 0.70 | 0.49 |
| 0.01 | 1.10 | 3.00 | 0.72 | 0.48 |
| 0.01 | 1.10 | 4.00 | 0.73 | 0.45 |
| 0.01 | 1.15 | 1.00 | 0.73 | 0.45 |
| 0.01 | 1.15 | 2.00 | 0.74 | 0.44 |
| 0.01 | 1.15 | 3.00 | 0.75 | 0.43 |
| 0.01 | 1.15 | 4.00 | 0.76 | 0.42 |
| 0.01 | 1.20 | 1.00 | 0.76 | 0.42 |
| 0.01 | 1.20 | 2.00 | 0.77 | 0.41 |
| 0.01 | 1.20 | 3.00 | 0.78 | 0.40 |
| 0.01 | 1.20 | 4.00 | 0.78 | 0.39 |
| 0.01 | 1.25 | 1.00 | 0.79 | 0.39 |
| 0.01 | 1.25 | 2.00 | 0.79 | 0.38 |
| 0.01 | 1.25 | 3.00 | 0.80 | 0.37 |
| 0.01 | 1.25 | 4.00 | 0.80 | 0.36 |
| 0.01 | 1.30 | 1.00 | 0.80 | 0.36 |
| 0.01 | 1.30 | 2.00 | 0.81 | 0.35 |
| 0.01 | 1.30 | 3.00 | 0.81 | 0.35 |
| 0.01 | 1.30 | 4.00 | 0.81 | 0.34 |
| 0.02 | 1.05 | 1.00 | 0.55 | 0.64 |
| 0.02 | 1.05 | 2.00 | 0.61 | 0.58 |
| 0.02 | 1.05 | 3.00 | 0.64 | 0.53 |
| 0.02 | 1.05 | 4.00 | 0.68 | 0.50 |
| 0.02 | 1.10 | 1.00 | 0.68 | 0.51 |
| 0.02 | 1.10 | 2.00 | 0.70 | 0.49 |
| 0.02 | 1.10 | 3.00 | 0.72 | 0.47 |
| 0.02 | 1.10 | 4.00 | 0.73 | 0.45 |
| 0.02 | 1.15 | 1.00 | 0.73 | 0.45 |
| 0.02 | 1.15 | 2.00 | 0.74 | 0.44 |
| 0.02 | 1.15 | 3.00 | 0.75 | 0.43 |
| 0.02 | 1.15 | 4.00 | 0.76 | 0.42 |
| 0.02 | 1.20 | 1.00 | 0.76 | 0.42 |
| 0.02 | 1.20 | 2.00 | 0.77 | 0.41 |
| 0.02 | 1.20 | 3.00 | 0.77 | 0.40 |
| 0.02 | 1.20 | 4.00 | 0.78 | 0.39 |
| 0.02 | 1.25 | 1.00 | 0.78 | 0.39 |
| 0.02 | 1.25 | 2.00 | 0.79 | 0.38 |
| 0.02 | 1.25 | 3.00 | 0.80 | 0.37 |
| 0.02 | 1.25 | 4.00 | 0.80 | 0.36 |
| 0.02 | 1.30 | 1.00 | 0.80 | 0.36 |
| 0.02 | 1.30 | 2.00 | 0.80 | 0.35 |
| 0.02 | 1.30 | 3.00 | 0.81 | 0.35 |
| 0.02 | 1.30 | 4.00 | 0.81 | 0.34 |
| 0.03 | 1.05 | 1.00 | 0.55 | 0.63 |
| 0.03 | 1.05 | 2.00 | 0.61 | 0.58 |
| 0.03 | 1.05 | 3.00 | 0.64 | 0.53 |
| 0.03 | 1.05 | 4.00 | 0.68 | 0.50 |
| 0.03 | 1.10 | 1.00 | 0.68 | 0.51 |
| 0.03 | 1.10 | 2.00 | 0.69 | 0.49 |
| 0.03 | 1.10 | 3.00 | 0.71 | 0.47 |
| 0.03 | 1.10 | 4.00 | 0.73 | 0.45 |
| 0.03 | 1.15 | 1.00 | 0.73 | 0.45 |
| 0.03 | 1.15 | 2.00 | 0.74 | 0.44 |
| 0.03 | 1.15 | 3.00 | 0.75 | 0.43 |
| 0.03 | 1.15 | 4.00 | 0.76 | 0.42 |
| 0.03 | 1.20 | 1.00 | 0.76 | 0.42 |
| 0.03 | 1.20 | 2.00 | 0.76 | 0.41 |
| 0.03 | 1.20 | 3.00 | 0.77 | 0.40 |
| 0.03 | 1.20 | 4.00 | 0.78 | 0.39 |
| 0.03 | 1.25 | 1.00 | 0.78 | 0.39 |
| 0.03 | 1.25 | 2.00 | 0.79 | 0.38 |
| 0.03 | 1.25 | 3.00 | 0.79 | 0.37 |
| 0.03 | 1.25 | 4.00 | 0.80 | 0.36 |
| 0.03 | 1.30 | 1.00 | 0.80 | 0.36 |
| 0.03 | 1.30 | 2.00 | 0.80 | 0.35 |
| 0.03 | 1.30 | 3.00 | 0.81 | 0.35 |
| 0.03 | 1.30 | 4.00 | 0.81 | 0.34 |
| 0.04 | 1.05 | 1.00 | 0.54 | 0.63 |
| 0.04 | 1.05 | 2.00 | 0.60 | 0.57 |
| 0.04 | 1.05 | 3.00 | 0.64 | 0.53 |
| 0.04 | 1.05 | 4.00 | 0.67 | 0.50 |
| 0.04 | 1.10 | 1.00 | 0.67 | 0.50 |
| 0.04 | 1.10 | 2.00 | 0.69 | 0.49 |
| 0.04 | 1.10 | 3.00 | 0.71 | 0.47 |
| 0.04 | 1.10 | 4.00 | 0.73 | 0.45 |
| 0.04 | 1.15 | 1.00 | 0.73 | 0.45 |
| 0.04 | 1.15 | 2.00 | 0.74 | 0.44 |
| 0.04 | 1.15 | 3.00 | 0.75 | 0.43 |
| 0.04 | 1.15 | 4.00 | 0.75 | 0.42 |
| 0.04 | 1.20 | 1.00 | 0.75 | 0.41 |
| 0.04 | 1.20 | 2.00 | 0.76 | 0.41 |
| 0.04 | 1.20 | 3.00 | 0.77 | 0.40 |
| 0.04 | 1.20 | 4.00 | 0.78 | 0.39 |
| 0.04 | 1.25 | 1.00 | 0.78 | 0.38 |
| 0.04 | 1.25 | 2.00 | 0.79 | 0.38 |
| 0.04 | 1.25 | 3.00 | 0.79 | 0.37 |
| 0.04 | 1.25 | 4.00 | 0.80 | 0.36 |
| 0.04 | 1.30 | 1.00 | 0.80 | 0.36 |
| 0.04 | 1.30 | 2.00 | 0.80 | 0.35 |
| 0.04 | 1.30 | 3.00 | 0.80 | 0.35 |
| 0.04 | 1.30 | 4.00 | 0.81 | 0.34 |
| 0.05 | 1.05 | 1.00 | 0.54 | 0.63 |
| 0.05 | 1.05 | 2.00 | 0.60 | 0.57 |
| 0.05 | 1.05 | 3.00 | 0.64 | 0.53 |
| 0.05 | 1.05 | 4.00 | 0.67 | 0.50 |
| 0.05 | 1.10 | 1.00 | 0.67 | 0.50 |
| 0.05 | 1.10 | 2.00 | 0.69 | 0.49 |
| 0.05 | 1.10 | 3.00 | 0.71 | 0.47 |
| 0.05 | 1.10 | 4.00 | 0.73 | 0.45 |
| 0.05 | 1.15 | 1.00 | 0.73 | 0.45 |
| 0.05 | 1.15 | 2.00 | 0.73 | 0.44 |
| 0.05 | 1.15 | 3.00 | 0.74 | 0.43 |
| 0.05 | 1.15 | 4.00 | 0.75 | 0.42 |
| 0.05 | 1.20 | 1.00 | 0.75 | 0.41 |
| 0.05 | 1.20 | 2.00 | 0.76 | 0.41 |
| 0.05 | 1.20 | 3.00 | 0.77 | 0.40 |
| 0.05 | 1.20 | 4.00 | 0.78 | 0.38 |
| 0.05 | 1.25 | 1.00 | 0.78 | 0.38 |
| 0.05 | 1.25 | 2.00 | 0.79 | 0.38 |
| 0.05 | 1.25 | 3.00 | 0.79 | 0.37 |
| 0.05 | 1.25 | 4.00 | 0.80 | 0.36 |
| 0.05 | 1.30 | 1.00 | 0.80 | 0.36 |
| 0.05 | 1.30 | 2.00 | 0.80 | 0.35 |
| 0.05 | 1.30 | 3.00 | 0.80 | 0.35 |
| 0.05 | 1.30 | 4.00 | 0.81 | 0.34 |
| 0.06 | 1.05 | 1.00 | 0.54 | 0.63 |
| 0.06 | 1.05 | 2.00 | 0.60 | 0.57 |
| 0.06 | 1.05 | 3.00 | 0.64 | 0.53 |
| 0.06 | 1.05 | 4.00 | 0.67 | 0.50 |
| 0.06 | 1.10 | 1.00 | 0.67 | 0.50 |
| 0.06 | 1.10 | 2.00 | 0.69 | 0.49 |
| 0.06 | 1.10 | 3.00 | 0.71 | 0.47 |
| 0.06 | 1.10 | 4.00 | 0.73 | 0.45 |
| 0.06 | 1.15 | 1.00 | 0.73 | 0.45 |
| 0.06 | 1.15 | 2.00 | 0.73 | 0.44 |
| 0.06 | 1.15 | 3.00 | 0.74 | 0.43 |
| 0.06 | 1.15 | 4.00 | 0.75 | 0.42 |
| 0.06 | 1.20 | 1.00 | 0.75 | 0.41 |
| 0.06 | 1.20 | 2.00 | 0.76 | 0.41 |
| 0.06 | 1.20 | 3.00 | 0.77 | 0.40 |
| 0.06 | 1.20 | 4.00 | 0.78 | 0.38 |
| 0.06 | 1.25 | 1.00 | 0.78 | 0.38 |
| 0.06 | 1.25 | 2.00 | 0.79 | 0.38 |
| 0.06 | 1.25 | 3.00 | 0.79 | 0.37 |
| 0.06 | 1.25 | 4.00 | 0.80 | 0.36 |
| 0.06 | 1.30 | 1.00 | 0.80 | 0.36 |
| 0.06 | 1.30 | 2.00 | 0.80 | 0.35 |
| 0.06 | 1.30 | 3.00 | 0.80 | 0.35 |
| 0.06 | 1.30 | 4.00 | 0.81 | 0.34 |
| 0.07 | 1.05 | 1.00 | 0.54 | 0.63 |
| 0.07 | 1.05 | 2.00 | 0.59 | 0.57 |
| 0.07 | 1.05 | 3.00 | 0.63 | 0.53 |
| 0.07 | 1.05 | 4.00 | 0.67 | 0.50 |
| 0.07 | 1.10 | 1.00 | 0.67 | 0.50 |
| 0.07 | 1.10 | 2.00 | 0.69 | 0.49 |
| 0.07 | 1.10 | 3.00 | 0.71 | 0.47 |
| 0.07 | 1.10 | 4.00 | 0.72 | 0.45 |
| 0.07 | 1.15 | 1.00 | 0.72 | 0.45 |
| 0.07 | 1.15 | 2.00 | 0.73 | 0.44 |
| 0.07 | 1.15 | 3.00 | 0.74 | 0.43 |
| 0.07 | 1.15 | 4.00 | 0.75 | 0.42 |
| 0.07 | 1.20 | 1.00 | 0.75 | 0.41 |
| 0.07 | 1.20 | 2.00 | 0.76 | 0.41 |
| 0.07 | 1.20 | 3.00 | 0.77 | 0.40 |
| 0.07 | 1.20 | 4.00 | 0.77 | 0.38 |
| 0.07 | 1.25 | 1.00 | 0.78 | 0.38 |
| 0.07 | 1.25 | 2.00 | 0.78 | 0.38 |
| 0.07 | 1.25 | 3.00 | 0.79 | 0.37 |
| 0.07 | 1.25 | 4.00 | 0.79 | 0.36 |
| 0.07 | 1.30 | 1.00 | 0.80 | 0.36 |
| 0.07 | 1.30 | 2.00 | 0.80 | 0.35 |
| 0.07 | 1.30 | 3.00 | 0.80 | 0.35 |
| 0.07 | 1.30 | 4.00 | 0.81 | 0.34 |
| 0.08 | 1.05 | 1.00 | 0.54 | 0.63 |
| 0.08 | 1.05 | 2.00 | 0.59 | 0.57 |
| 0.08 | 1.05 | 3.00 | 0.63 | 0.53 |
| 0.08 | 1.05 | 4.00 | 0.67 | 0.50 |
| 0.08 | 1.10 | 1.00 | 0.67 | 0.50 |
| 0.08 | 1.10 | 2.00 | 0.69 | 0.49 |
| 0.08 | 1.10 | 3.00 | 0.71 | 0.47 |
| 0.08 | 1.10 | 4.00 | 0.72 | 0.45 |
| 0.08 | 1.15 | 1.00 | 0.72 | 0.45 |
| 0.08 | 1.15 | 2.00 | 0.73 | 0.44 |
| 0.08 | 1.15 | 3.00 | 0.74 | 0.43 |
| 0.08 | 1.15 | 4.00 | 0.75 | 0.42 |
| 0.08 | 1.20 | 1.00 | 0.75 | 0.41 |
| 0.08 | 1.20 | 2.00 | 0.76 | 0.41 |
| 0.08 | 1.20 | 3.00 | 0.77 | 0.40 |
| 0.08 | 1.20 | 4.00 | 0.77 | 0.38 |
| 0.08 | 1.25 | 1.00 | 0.78 | 0.38 |
| 0.08 | 1.25 | 2.00 | 0.78 | 0.38 |
| 0.08 | 1.25 | 3.00 | 0.79 | 0.37 |
| 0.08 | 1.25 | 4.00 | 0.79 | 0.36 |
| 0.08 | 1.30 | 1.00 | 0.80 | 0.36 |
| 0.08 | 1.30 | 2.00 | 0.80 | 0.35 |
| 0.08 | 1.30 | 3.00 | 0.80 | 0.35 |
| 0.08 | 1.30 | 4.00 | 0.81 | 0.34 |
| 0.09 | 1.05 | 1.00 | 0.54 | 0.63 |
| 0.09 | 1.05 | 2.00 | 0.59 | 0.57 |
| 0.09 | 1.05 | 3.00 | 0.63 | 0.53 |
| 0.09 | 1.05 | 4.00 | 0.67 | 0.50 |
| 0.09 | 1.10 | 1.00 | 0.67 | 0.50 |
| 0.09 | 1.10 | 2.00 | 0.69 | 0.49 |
| 0.09 | 1.10 | 3.00 | 0.71 | 0.47 |
| 0.09 | 1.10 | 4.00 | 0.72 | 0.45 |
| 0.09 | 1.15 | 1.00 | 0.72 | 0.45 |
| 0.09 | 1.15 | 2.00 | 0.73 | 0.44 |
| 0.09 | 1.15 | 3.00 | 0.74 | 0.43 |
| 0.09 | 1.15 | 4.00 | 0.75 | 0.42 |
| 0.09 | 1.20 | 1.00 | 0.75 | 0.41 |
| 0.09 | 1.20 | 2.00 | 0.76 | 0.41 |
| 0.09 | 1.20 | 3.00 | 0.77 | 0.40 |
| 0.09 | 1.20 | 4.00 | 0.77 | 0.38 |
| 0.09 | 1.25 | 1.00 | 0.78 | 0.38 |
| 0.09 | 1.25 | 2.00 | 0.78 | 0.38 |
| 0.09 | 1.25 | 3.00 | 0.79 | 0.37 |
| 0.09 | 1.25 | 4.00 | 0.79 | 0.36 |
| 0.09 | 1.30 | 1.00 | 0.79 | 0.36 |
| 0.09 | 1.30 | 2.00 | 0.80 | 0.35 |
| 0.09 | 1.30 | 3.00 | 0.80 | 0.35 |
| 0.09 | 1.30 | 4.00 | 0.80 | 0.34 |
| 0.10 | 1.05 | 1.00 | 0.54 | 0.63 |
| 0.10 | 1.05 | 2.00 | 0.59 | 0.57 |
| 0.10 | 1.05 | 3.00 | 0.63 | 0.53 |
| 0.10 | 1.05 | 4.00 | 0.67 | 0.50 |
| 0.10 | 1.10 | 1.00 | 0.67 | 0.50 |
| 0.10 | 1.10 | 2.00 | 0.69 | 0.49 |
| 0.10 | 1.10 | 3.00 | 0.71 | 0.47 |
| 0.10 | 1.10 | 4.00 | 0.72 | 0.45 |
| 0.10 | 1.15 | 1.00 | 0.72 | 0.45 |
| 0.10 | 1.15 | 2.00 | 0.73 | 0.44 |
| 0.10 | 1.15 | 3.00 | 0.74 | 0.43 |
| 0.10 | 1.15 | 4.00 | 0.75 | 0.42 |
| 0.10 | 1.20 | 1.00 | 0.75 | 0.41 |
| 0.10 | 1.20 | 2.00 | 0.76 | 0.41 |
| 0.10 | 1.20 | 3.00 | 0.77 | 0.40 |
| 0.10 | 1.20 | 4.00 | 0.77 | 0.38 |
| 0.10 | 1.25 | 1.00 | 0.78 | 0.38 |
| 0.10 | 1.25 | 2.00 | 0.78 | 0.38 |
| 0.10 | 1.25 | 3.00 | 0.79 | 0.37 |
| 0.10 | 1.25 | 4.00 | 0.79 | 0.36 |
| 0.10 | 1.30 | 1.00 | 0.79 | 0.36 |
| 0.10 | 1.30 | 2.00 | 0.80 | 0.35 |
| 0.10 | 1.30 | 3.00 | 0.80 | 0.35 |
| 0.10 | 1.30 | 4.00 | 0.80 | 0.34 |
| 0.11 | 1.05 | 1.00 | 0.54 | 0.63 |
| 0.11 | 1.05 | 2.00 | 0.59 | 0.57 |
| 0.11 | 1.05 | 3.00 | 0.63 | 0.53 |
| 0.11 | 1.05 | 4.00 | 0.67 | 0.50 |
| 0.11 | 1.10 | 1.00 | 0.67 | 0.50 |
| 0.11 | 1.10 | 2.00 | 0.69 | 0.49 |
| 0.11 | 1.10 | 3.00 | 0.71 | 0.47 |
| 0.11 | 1.10 | 4.00 | 0.72 | 0.45 |
| 0.11 | 1.15 | 1.00 | 0.72 | 0.45 |
| 0.11 | 1.15 | 2.00 | 0.73 | 0.44 |
| 0.11 | 1.15 | 3.00 | 0.74 | 0.43 |
| 0.11 | 1.15 | 4.00 | 0.75 | 0.42 |
| 0.11 | 1.20 | 1.00 | 0.75 | 0.41 |
| 0.11 | 1.20 | 2.00 | 0.76 | 0.41 |
| 0.11 | 1.20 | 3.00 | 0.77 | 0.40 |
| 0.11 | 1.20 | 4.00 | 0.77 | 0.38 |
| 0.11 | 1.25 | 1.00 | 0.78 | 0.38 |
| 0.11 | 1.25 | 2.00 | 0.78 | 0.38 |
| 0.11 | 1.25 | 3.00 | 0.79 | 0.37 |
| 0.11 | 1.25 | 4.00 | 0.79 | 0.36 |
| 0.11 | 1.30 | 1.00 | 0.79 | 0.36 |
| 0.11 | 1.30 | 2.00 | 0.80 | 0.35 |
| 0.11 | 1.30 | 3.00 | 0.80 | 0.35 |
| 0.11 | 1.30 | 4.00 | 0.80 | 0.34 |
| 0.12 | 1.05 | 1.00 | 0.53 | 0.63 |
| 0.12 | 1.05 | 2.00 | 0.59 | 0.57 |
| 0.12 | 1.05 | 3.00 | 0.63 | 0.53 |
| 0.12 | 1.05 | 4.00 | 0.66 | 0.50 |
| 0.12 | 1.10 | 1.00 | 0.66 | 0.50 |
| 0.12 | 1.10 | 2.00 | 0.68 | 0.49 |
| 0.12 | 1.10 | 3.00 | 0.71 | 0.47 |
| 0.12 | 1.10 | 4.00 | 0.72 | 0.45 |
| 0.12 | 1.15 | 1.00 | 0.72 | 0.45 |
| 0.12 | 1.15 | 2.00 | 0.73 | 0.44 |
| 0.12 | 1.15 | 3.00 | 0.74 | 0.43 |
| 0.12 | 1.15 | 4.00 | 0.75 | 0.42 |
| 0.12 | 1.20 | 1.00 | 0.75 | 0.41 |
| 0.12 | 1.20 | 2.00 | 0.76 | 0.41 |
| 0.12 | 1.20 | 3.00 | 0.77 | 0.40 |
| 0.12 | 1.20 | 4.00 | 0.77 | 0.38 |
| 0.12 | 1.25 | 1.00 | 0.78 | 0.38 |
| 0.12 | 1.25 | 2.00 | 0.78 | 0.38 |
| 0.12 | 1.25 | 3.00 | 0.79 | 0.37 |
| 0.12 | 1.25 | 4.00 | 0.79 | 0.36 |
| 0.12 | 1.30 | 1.00 | 0.79 | 0.36 |
| 0.12 | 1.30 | 2.00 | 0.80 | 0.35 |
| 0.12 | 1.30 | 3.00 | 0.80 | 0.34 |
| 0.12 | 1.30 | 4.00 | 0.80 | 0.34 |
| 0.13 | 1.05 | 1.00 | 0.53 | 0.63 |
| 0.13 | 1.05 | 2.00 | 0.59 | 0.57 |
| 0.13 | 1.05 | 3.00 | 0.63 | 0.53 |
| 0.13 | 1.05 | 4.00 | 0.66 | 0.50 |
| 0.13 | 1.10 | 1.00 | 0.66 | 0.50 |
| 0.13 | 1.10 | 2.00 | 0.68 | 0.49 |
| 0.13 | 1.10 | 3.00 | 0.70 | 0.47 |
| 0.13 | 1.10 | 4.00 | 0.72 | 0.45 |
| 0.13 | 1.15 | 1.00 | 0.72 | 0.45 |
| 0.13 | 1.15 | 2.00 | 0.73 | 0.44 |
| 0.13 | 1.15 | 3.00 | 0.74 | 0.43 |
| 0.13 | 1.15 | 4.00 | 0.75 | 0.42 |
| 0.13 | 1.20 | 1.00 | 0.75 | 0.41 |
| 0.13 | 1.20 | 2.00 | 0.76 | 0.41 |
| 0.13 | 1.20 | 3.00 | 0.77 | 0.40 |
| 0.13 | 1.20 | 4.00 | 0.77 | 0.38 |
| 0.13 | 1.25 | 1.00 | 0.78 | 0.38 |
| 0.13 | 1.25 | 2.00 | 0.78 | 0.38 |
| 0.13 | 1.25 | 3.00 | 0.79 | 0.37 |
| 0.13 | 1.25 | 4.00 | 0.79 | 0.36 |
| 0.13 | 1.30 | 1.00 | 0.79 | 0.36 |
| 0.13 | 1.30 | 2.00 | 0.80 | 0.35 |
| 0.13 | 1.30 | 3.00 | 0.80 | 0.34 |
| 0.13 | 1.30 | 4.00 | 0.80 | 0.34 |
| 0.14 | 1.05 | 1.00 | 0.53 | 0.63 |
| 0.14 | 1.05 | 2.00 | 0.59 | 0.57 |
| 0.14 | 1.05 | 3.00 | 0.63 | 0.53 |
| 0.14 | 1.05 | 4.00 | 0.66 | 0.50 |
| 0.14 | 1.10 | 1.00 | 0.66 | 0.50 |
| 0.14 | 1.10 | 2.00 | 0.68 | 0.49 |
| 0.14 | 1.10 | 3.00 | 0.70 | 0.47 |
| 0.14 | 1.10 | 4.00 | 0.72 | 0.45 |
| 0.14 | 1.15 | 1.00 | 0.72 | 0.45 |
| 0.14 | 1.15 | 2.00 | 0.73 | 0.44 |
| 0.14 | 1.15 | 3.00 | 0.74 | 0.43 |
| 0.14 | 1.15 | 4.00 | 0.75 | 0.42 |
| 0.14 | 1.20 | 1.00 | 0.75 | 0.41 |
| 0.14 | 1.20 | 2.00 | 0.76 | 0.41 |
| 0.14 | 1.20 | 3.00 | 0.77 | 0.39 |
| 0.14 | 1.20 | 4.00 | 0.77 | 0.38 |
| 0.14 | 1.25 | 1.00 | 0.77 | 0.38 |
| 0.14 | 1.25 | 2.00 | 0.78 | 0.38 |
| 0.14 | 1.25 | 3.00 | 0.79 | 0.37 |
| 0.14 | 1.25 | 4.00 | 0.79 | 0.36 |
| 0.14 | 1.30 | 1.00 | 0.79 | 0.36 |
| 0.14 | 1.30 | 2.00 | 0.80 | 0.35 |
| 0.14 | 1.30 | 3.00 | 0.80 | 0.34 |
| 0.14 | 1.30 | 4.00 | 0.80 | 0.34 |
| 0.15 | 1.05 | 1.00 | 0.53 | 0.63 |
| 0.15 | 1.05 | 2.00 | 0.58 | 0.57 |
| 0.15 | 1.05 | 3.00 | 0.62 | 0.52 |
| 0.15 | 1.05 | 4.00 | 0.66 | 0.50 |
| 0.15 | 1.10 | 1.00 | 0.66 | 0.50 |
| 0.15 | 1.10 | 2.00 | 0.68 | 0.49 |
| 0.15 | 1.10 | 3.00 | 0.70 | 0.47 |
| 0.15 | 1.10 | 4.00 | 0.72 | 0.45 |
| 0.15 | 1.15 | 1.00 | 0.72 | 0.45 |
| 0.15 | 1.15 | 2.00 | 0.73 | 0.44 |
| 0.15 | 1.15 | 3.00 | 0.74 | 0.43 |
| 0.15 | 1.15 | 4.00 | 0.75 | 0.41 |
| 0.15 | 1.20 | 1.00 | 0.75 | 0.41 |
| 0.15 | 1.20 | 2.00 | 0.76 | 0.41 |
| 0.15 | 1.20 | 3.00 | 0.76 | 0.39 |
| 0.15 | 1.20 | 4.00 | 0.77 | 0.38 |
| 0.15 | 1.25 | 1.00 | 0.77 | 0.38 |
| 0.15 | 1.25 | 2.00 | 0.78 | 0.38 |
| 0.15 | 1.25 | 3.00 | 0.79 | 0.37 |
| 0.15 | 1.25 | 4.00 | 0.79 | 0.36 |
| 0.15 | 1.30 | 1.00 | 0.79 | 0.36 |
| 0.15 | 1.30 | 2.00 | 0.80 | 0.35 |
| 0.15 | 1.30 | 3.00 | 0.80 | 0.34 |
| 0.15 | 1.30 | 4.00 | 0.80 | 0.34 |
| 0.16 | 1.05 | 1.00 | 0.53 | 0.62 |
| 0.16 | 1.05 | 2.00 | 0.58 | 0.57 |
| 0.16 | 1.05 | 3.00 | 0.62 | 0.52 |
| 0.16 | 1.05 | 4.00 | 0.66 | 0.50 |
| 0.16 | 1.10 | 1.00 | 0.66 | 0.50 |
| 0.16 | 1.10 | 2.00 | 0.68 | 0.49 |
| 0.16 | 1.10 | 3.00 | 0.70 | 0.47 |
| 0.16 | 1.10 | 4.00 | 0.72 | 0.45 |
| 0.16 | 1.15 | 1.00 | 0.72 | 0.45 |
| 0.16 | 1.15 | 2.00 | 0.73 | 0.44 |
| 0.16 | 1.15 | 3.00 | 0.74 | 0.43 |
| 0.16 | 1.15 | 4.00 | 0.75 | 0.41 |
| 0.16 | 1.20 | 1.00 | 0.75 | 0.41 |
| 0.16 | 1.20 | 2.00 | 0.76 | 0.41 |
| 0.16 | 1.20 | 3.00 | 0.76 | 0.39 |
| 0.16 | 1.20 | 4.00 | 0.77 | 0.38 |
| 0.16 | 1.25 | 1.00 | 0.77 | 0.38 |
| 0.16 | 1.25 | 2.00 | 0.78 | 0.38 |
| 0.16 | 1.25 | 3.00 | 0.79 | 0.37 |
| 0.16 | 1.25 | 4.00 | 0.79 | 0.36 |
| 0.16 | 1.30 | 1.00 | 0.79 | 0.36 |
| 0.16 | 1.30 | 2.00 | 0.80 | 0.35 |
| 0.16 | 1.30 | 3.00 | 0.80 | 0.34 |
| 0.16 | 1.30 | 4.00 | 0.80 | 0.34 |
| 0.17 | 1.05 | 1.00 | 0.53 | 0.62 |
| 0.17 | 1.05 | 2.00 | 0.58 | 0.57 |
| 0.17 | 1.05 | 3.00 | 0.62 | 0.52 |
| 0.17 | 1.05 | 4.00 | 0.66 | 0.50 |
| 0.17 | 1.10 | 1.00 | 0.66 | 0.50 |
| 0.17 | 1.10 | 2.00 | 0.68 | 0.48 |
| 0.17 | 1.10 | 3.00 | 0.70 | 0.47 |
| 0.17 | 1.10 | 4.00 | 0.72 | 0.45 |
| 0.17 | 1.15 | 1.00 | 0.72 | 0.45 |
| 0.17 | 1.15 | 2.00 | 0.73 | 0.44 |
| 0.17 | 1.15 | 3.00 | 0.74 | 0.43 |
| 0.17 | 1.15 | 4.00 | 0.75 | 0.41 |
| 0.17 | 1.20 | 1.00 | 0.75 | 0.41 |
| 0.17 | 1.20 | 2.00 | 0.76 | 0.41 |
| 0.17 | 1.20 | 3.00 | 0.76 | 0.39 |
| 0.17 | 1.20 | 4.00 | 0.77 | 0.38 |
| 0.17 | 1.25 | 1.00 | 0.77 | 0.38 |
| 0.17 | 1.25 | 2.00 | 0.78 | 0.38 |
| 0.17 | 1.25 | 3.00 | 0.79 | 0.37 |
| 0.17 | 1.25 | 4.00 | 0.79 | 0.36 |
| 0.17 | 1.30 | 1.00 | 0.79 | 0.36 |
| 0.17 | 1.30 | 2.00 | 0.80 | 0.35 |
| 0.17 | 1.30 | 3.00 | 0.80 | 0.34 |
| 0.17 | 1.30 | 4.00 | 0.80 | 0.34 |
| 0.18 | 1.05 | 1.00 | 0.53 | 0.62 |
| 0.18 | 1.05 | 2.00 | 0.58 | 0.57 |
| 0.18 | 1.05 | 3.00 | 0.62 | 0.52 |
| 0.18 | 1.05 | 4.00 | 0.66 | 0.50 |
| 0.18 | 1.10 | 1.00 | 0.66 | 0.50 |
| 0.18 | 1.10 | 2.00 | 0.68 | 0.48 |
| 0.18 | 1.10 | 3.00 | 0.70 | 0.47 |
| 0.18 | 1.10 | 4.00 | 0.72 | 0.45 |
| 0.18 | 1.15 | 1.00 | 0.72 | 0.45 |
| 0.18 | 1.15 | 2.00 | 0.73 | 0.44 |
| 0.18 | 1.15 | 3.00 | 0.74 | 0.43 |
| 0.18 | 1.15 | 4.00 | 0.75 | 0.41 |
| 0.18 | 1.20 | 1.00 | 0.75 | 0.41 |
| 0.18 | 1.20 | 2.00 | 0.76 | 0.41 |
| 0.18 | 1.20 | 3.00 | 0.76 | 0.39 |
| 0.18 | 1.20 | 4.00 | 0.77 | 0.38 |
| 0.18 | 1.25 | 1.00 | 0.77 | 0.38 |
| 0.18 | 1.25 | 2.00 | 0.78 | 0.38 |
| 0.18 | 1.25 | 3.00 | 0.79 | 0.37 |
| 0.18 | 1.25 | 4.00 | 0.79 | 0.36 |
| 0.18 | 1.30 | 1.00 | 0.79 | 0.36 |
| 0.18 | 1.30 | 2.00 | 0.80 | 0.35 |
| 0.18 | 1.30 | 3.00 | 0.80 | 0.34 |
| 0.18 | 1.30 | 4.00 | 0.80 | 0.34 |
| 0.19 | 1.05 | 1.00 | 0.52 | 0.62 |
| 0.19 | 1.05 | 2.00 | 0.58 | 0.56 |
| 0.19 | 1.05 | 3.00 | 0.62 | 0.52 |
| 0.19 | 1.05 | 4.00 | 0.66 | 0.50 |
| 0.19 | 1.10 | 1.00 | 0.66 | 0.50 |
| 0.19 | 1.10 | 2.00 | 0.68 | 0.48 |
| 0.19 | 1.10 | 3.00 | 0.70 | 0.47 |
| 0.19 | 1.10 | 4.00 | 0.72 | 0.45 |
| 0.19 | 1.15 | 1.00 | 0.72 | 0.45 |
| 0.19 | 1.15 | 2.00 | 0.73 | 0.44 |
| 0.19 | 1.15 | 3.00 | 0.74 | 0.43 |
| 0.19 | 1.15 | 4.00 | 0.75 | 0.41 |
| 0.19 | 1.20 | 1.00 | 0.75 | 0.41 |
| 0.19 | 1.20 | 2.00 | 0.75 | 0.40 |
| 0.19 | 1.20 | 3.00 | 0.76 | 0.39 |
| 0.19 | 1.20 | 4.00 | 0.77 | 0.38 |
| 0.19 | 1.25 | 1.00 | 0.77 | 0.38 |
| 0.19 | 1.25 | 2.00 | 0.78 | 0.38 |
| 0.19 | 1.25 | 3.00 | 0.79 | 0.37 |
| 0.19 | 1.25 | 4.00 | 0.79 | 0.36 |
| 0.19 | 1.30 | 1.00 | 0.79 | 0.36 |
| 0.19 | 1.30 | 2.00 | 0.79 | 0.35 |
| 0.19 | 1.30 | 3.00 | 0.80 | 0.34 |
| 0.19 | 1.30 | 4.00 | 0.80 | 0.34 |
| 0.20 | 1.05 | 1.00 | 0.52 | 0.62 |
| 0.20 | 1.05 | 2.00 | 0.58 | 0.56 |
| 0.20 | 1.05 | 3.00 | 0.62 | 0.52 |
| 0.20 | 1.05 | 4.00 | 0.66 | 0.50 |
| 0.20 | 1.10 | 1.00 | 0.66 | 0.50 |
| 0.20 | 1.10 | 2.00 | 0.68 | 0.48 |
| 0.20 | 1.10 | 3.00 | 0.70 | 0.47 |
| 0.20 | 1.10 | 4.00 | 0.71 | 0.45 |
| 0.20 | 1.15 | 1.00 | 0.72 | 0.45 |
| 0.20 | 1.15 | 2.00 | 0.73 | 0.44 |
| 0.20 | 1.15 | 3.00 | 0.74 | 0.43 |
| 0.20 | 1.15 | 4.00 | 0.75 | 0.41 |
| 0.20 | 1.20 | 1.00 | 0.75 | 0.41 |
| 0.20 | 1.20 | 2.00 | 0.75 | 0.40 |
| 0.20 | 1.20 | 3.00 | 0.76 | 0.39 |
| 0.20 | 1.20 | 4.00 | 0.77 | 0.38 |
| 0.20 | 1.25 | 1.00 | 0.77 | 0.38 |
| 0.20 | 1.25 | 2.00 | 0.78 | 0.38 |
| 0.20 | 1.25 | 3.00 | 0.78 | 0.37 |
| 0.20 | 1.25 | 4.00 | 0.79 | 0.36 |
| 0.20 | 1.30 | 1.00 | 0.79 | 0.36 |
| 0.20 | 1.30 | 2.00 | 0.79 | 0.35 |
| 0.20 | 1.30 | 3.00 | 0.80 | 0.34 |
| 0.20 | 1.30 | 4.00 | 0.80 | 0.34 |
| 0.21 | 1.05 | 1.00 | 0.52 | 0.62 |
| 0.21 | 1.05 | 2.00 | 0.58 | 0.56 |
| 0.21 | 1.05 | 3.00 | 0.62 | 0.52 |
| 0.21 | 1.05 | 4.00 | 0.65 | 0.49 |
| 0.21 | 1.10 | 1.00 | 0.65 | 0.50 |
| 0.21 | 1.10 | 2.00 | 0.68 | 0.48 |
| 0.21 | 1.10 | 3.00 | 0.70 | 0.47 |
| 0.21 | 1.10 | 4.00 | 0.71 | 0.45 |
| 0.21 | 1.15 | 1.00 | 0.71 | 0.45 |
| 0.21 | 1.15 | 2.00 | 0.72 | 0.44 |
| 0.21 | 1.15 | 3.00 | 0.74 | 0.43 |
| 0.21 | 1.15 | 4.00 | 0.75 | 0.41 |
| 0.21 | 1.20 | 1.00 | 0.74 | 0.41 |
| 0.21 | 1.20 | 2.00 | 0.75 | 0.40 |
| 0.21 | 1.20 | 3.00 | 0.76 | 0.39 |
| 0.21 | 1.20 | 4.00 | 0.77 | 0.38 |
| 0.21 | 1.25 | 1.00 | 0.77 | 0.38 |
| 0.21 | 1.25 | 2.00 | 0.78 | 0.38 |
| 0.21 | 1.25 | 3.00 | 0.78 | 0.37 |
| 0.21 | 1.25 | 4.00 | 0.79 | 0.36 |
| 0.21 | 1.30 | 1.00 | 0.79 | 0.36 |
| 0.21 | 1.30 | 2.00 | 0.79 | 0.35 |
| 0.21 | 1.30 | 3.00 | 0.80 | 0.34 |
| 0.21 | 1.30 | 4.00 | 0.80 | 0.33 |
| 0.22 | 1.05 | 1.00 | 0.52 | 0.62 |
| 0.22 | 1.05 | 2.00 | 0.58 | 0.56 |
| 0.22 | 1.05 | 3.00 | 0.62 | 0.52 |
| 0.22 | 1.05 | 4.00 | 0.65 | 0.49 |
| 0.22 | 1.10 | 1.00 | 0.65 | 0.50 |
| 0.22 | 1.10 | 2.00 | 0.68 | 0.48 |
| 0.22 | 1.10 | 3.00 | 0.70 | 0.47 |
| 0.22 | 1.10 | 4.00 | 0.71 | 0.45 |
| 0.22 | 1.15 | 1.00 | 0.71 | 0.45 |
| 0.22 | 1.15 | 2.00 | 0.72 | 0.44 |
| 0.22 | 1.15 | 3.00 | 0.73 | 0.43 |
| 0.22 | 1.15 | 4.00 | 0.74 | 0.41 |
| 0.22 | 1.20 | 1.00 | 0.74 | 0.41 |
| 0.22 | 1.20 | 2.00 | 0.75 | 0.40 |
| 0.22 | 1.20 | 3.00 | 0.76 | 0.39 |
| 0.22 | 1.20 | 4.00 | 0.77 | 0.38 |
| 0.22 | 1.25 | 1.00 | 0.77 | 0.38 |
| 0.22 | 1.25 | 2.00 | 0.78 | 0.38 |
| 0.22 | 1.25 | 3.00 | 0.78 | 0.37 |
| 0.22 | 1.25 | 4.00 | 0.79 | 0.36 |
| 0.22 | 1.30 | 1.00 | 0.79 | 0.36 |
| 0.22 | 1.30 | 2.00 | 0.79 | 0.35 |
| 0.22 | 1.30 | 3.00 | 0.80 | 0.34 |
| 0.22 | 1.30 | 4.00 | 0.80 | 0.33 |
| 0.23 | 1.05 | 1.00 | 0.52 | 0.62 |
| 0.23 | 1.05 | 2.00 | 0.58 | 0.56 |
| 0.23 | 1.05 | 3.00 | 0.62 | 0.52 |
| 0.23 | 1.05 | 4.00 | 0.65 | 0.49 |
| 0.23 | 1.10 | 1.00 | 0.65 | 0.50 |
| 0.23 | 1.10 | 2.00 | 0.67 | 0.48 |
| 0.23 | 1.10 | 3.00 | 0.70 | 0.47 |
| 0.23 | 1.10 | 4.00 | 0.71 | 0.45 |
| 0.23 | 1.15 | 1.00 | 0.71 | 0.45 |
| 0.23 | 1.15 | 2.00 | 0.72 | 0.44 |
| 0.23 | 1.15 | 3.00 | 0.73 | 0.43 |
| 0.23 | 1.15 | 4.00 | 0.74 | 0.41 |
| 0.23 | 1.20 | 1.00 | 0.74 | 0.41 |
| 0.23 | 1.20 | 2.00 | 0.75 | 0.40 |
| 0.23 | 1.20 | 3.00 | 0.76 | 0.39 |
| 0.23 | 1.20 | 4.00 | 0.76 | 0.38 |
| 0.23 | 1.25 | 1.00 | 0.77 | 0.38 |
| 0.23 | 1.25 | 2.00 | 0.78 | 0.38 |
| 0.23 | 1.25 | 3.00 | 0.78 | 0.37 |
| 0.23 | 1.25 | 4.00 | 0.79 | 0.36 |
| 0.23 | 1.30 | 1.00 | 0.79 | 0.36 |
| 0.23 | 1.30 | 2.00 | 0.79 | 0.35 |
| 0.23 | 1.30 | 3.00 | 0.79 | 0.34 |
| 0.23 | 1.30 | 4.00 | 0.80 | 0.33 |
| 0.24 | 1.05 | 1.00 | 0.52 | 0.62 |
| 0.24 | 1.05 | 2.00 | 0.58 | 0.56 |
| 0.24 | 1.05 | 3.00 | 0.62 | 0.52 |
| 0.24 | 1.05 | 4.00 | 0.65 | 0.49 |
| 0.24 | 1.10 | 1.00 | 0.65 | 0.50 |
| 0.24 | 1.10 | 2.00 | 0.67 | 0.48 |
| 0.24 | 1.10 | 3.00 | 0.70 | 0.47 |
| 0.24 | 1.10 | 4.00 | 0.71 | 0.45 |
| 0.24 | 1.15 | 1.00 | 0.71 | 0.45 |
| 0.24 | 1.15 | 2.00 | 0.72 | 0.44 |
| 0.24 | 1.15 | 3.00 | 0.73 | 0.43 |
| 0.24 | 1.15 | 4.00 | 0.74 | 0.41 |
| 0.24 | 1.20 | 1.00 | 0.74 | 0.41 |
| 0.24 | 1.20 | 2.00 | 0.75 | 0.40 |
| 0.24 | 1.20 | 3.00 | 0.76 | 0.39 |
| 0.24 | 1.20 | 4.00 | 0.76 | 0.38 |
| 0.24 | 1.25 | 1.00 | 0.77 | 0.38 |
| 0.24 | 1.25 | 2.00 | 0.78 | 0.38 |
| 0.24 | 1.25 | 3.00 | 0.78 | 0.37 |
| 0.24 | 1.25 | 4.00 | 0.79 | 0.36 |
| 0.24 | 1.30 | 1.00 | 0.79 | 0.36 |
| 0.24 | 1.30 | 2.00 | 0.79 | 0.35 |
| 0.24 | 1.30 | 3.00 | 0.79 | 0.34 |
| 0.24 | 1.30 | 4.00 | 0.80 | 0.33 |
| 0.25 | 1.05 | 1.00 | 0.52 | 0.62 |
| 0.25 | 1.05 | 2.00 | 0.58 | 0.56 |
| 0.25 | 1.05 | 3.00 | 0.62 | 0.52 |
| 0.25 | 1.05 | 4.00 | 0.65 | 0.49 |
| 0.25 | 1.10 | 1.00 | 0.65 | 0.50 |
| 0.25 | 1.10 | 2.00 | 0.67 | 0.48 |
| 0.25 | 1.10 | 3.00 | 0.70 | 0.47 |
| 0.25 | 1.10 | 4.00 | 0.71 | 0.45 |
| 0.25 | 1.15 | 1.00 | 0.71 | 0.45 |
| 0.25 | 1.15 | 2.00 | 0.72 | 0.44 |
| 0.25 | 1.15 | 3.00 | 0.73 | 0.43 |
| 0.25 | 1.15 | 4.00 | 0.74 | 0.41 |
| 0.25 | 1.20 | 1.00 | 0.74 | 0.41 |
| 0.25 | 1.20 | 2.00 | 0.75 | 0.40 |
| 0.25 | 1.20 | 3.00 | 0.76 | 0.39 |
| 0.25 | 1.20 | 4.00 | 0.76 | 0.38 |
| 0.25 | 1.25 | 1.00 | 0.77 | 0.38 |
| 0.25 | 1.25 | 2.00 | 0.77 | 0.37 |
| 0.25 | 1.25 | 3.00 | 0.78 | 0.37 |
| 0.25 | 1.25 | 4.00 | 0.79 | 0.36 |
| 0.25 | 1.30 | 1.00 | 0.79 | 0.36 |
| 0.25 | 1.30 | 2.00 | 0.79 | 0.35 |
| 0.25 | 1.30 | 3.00 | 0.79 | 0.34 |
| 0.25 | 1.30 | 4.00 | 0.80 | 0.33 |
| 0.26 | 1.05 | 1.00 | 0.52 | 0.62 |
| 0.26 | 1.05 | 2.00 | 0.58 | 0.56 |
| 0.26 | 1.05 | 3.00 | 0.62 | 0.52 |
| 0.26 | 1.05 | 4.00 | 0.65 | 0.49 |
| 0.26 | 1.10 | 1.00 | 0.65 | 0.50 |
| 0.26 | 1.10 | 2.00 | 0.67 | 0.48 |
| 0.26 | 1.10 | 3.00 | 0.69 | 0.47 |
| 0.26 | 1.10 | 4.00 | 0.71 | 0.45 |
| 0.26 | 1.15 | 1.00 | 0.71 | 0.45 |
| 0.26 | 1.15 | 2.00 | 0.72 | 0.44 |
| 0.26 | 1.15 | 3.00 | 0.73 | 0.43 |
| 0.26 | 1.15 | 4.00 | 0.74 | 0.41 |
| 0.26 | 1.20 | 1.00 | 0.74 | 0.41 |
| 0.26 | 1.20 | 2.00 | 0.75 | 0.40 |
| 0.26 | 1.20 | 3.00 | 0.76 | 0.39 |
| 0.26 | 1.20 | 4.00 | 0.76 | 0.38 |
| 0.26 | 1.25 | 1.00 | 0.77 | 0.38 |
| 0.26 | 1.25 | 2.00 | 0.77 | 0.37 |
| 0.26 | 1.25 | 3.00 | 0.78 | 0.37 |
| 0.26 | 1.25 | 4.00 | 0.78 | 0.36 |
| 0.26 | 1.30 | 1.00 | 0.79 | 0.35 |
| 0.26 | 1.30 | 2.00 | 0.79 | 0.35 |
| 0.26 | 1.30 | 3.00 | 0.79 | 0.34 |
| 0.26 | 1.30 | 4.00 | 0.80 | 0.33 |
| 0.27 | 1.05 | 1.00 | 0.52 | 0.62 |
| 0.27 | 1.05 | 2.00 | 0.58 | 0.56 |
| 0.27 | 1.05 | 3.00 | 0.62 | 0.52 |
| 0.27 | 1.05 | 4.00 | 0.65 | 0.49 |
| 0.27 | 1.10 | 1.00 | 0.65 | 0.50 |
| 0.27 | 1.10 | 2.00 | 0.67 | 0.48 |
| 0.27 | 1.10 | 3.00 | 0.69 | 0.47 |
| 0.27 | 1.10 | 4.00 | 0.71 | 0.45 |
| 0.27 | 1.15 | 1.00 | 0.71 | 0.45 |
| 0.27 | 1.15 | 2.00 | 0.72 | 0.44 |
| 0.27 | 1.15 | 3.00 | 0.73 | 0.42 |
| 0.27 | 1.15 | 4.00 | 0.74 | 0.41 |
| 0.27 | 1.20 | 1.00 | 0.74 | 0.41 |
| 0.27 | 1.20 | 2.00 | 0.75 | 0.40 |
| 0.27 | 1.20 | 3.00 | 0.76 | 0.39 |
| 0.27 | 1.20 | 4.00 | 0.76 | 0.38 |
| 0.27 | 1.25 | 1.00 | 0.77 | 0.38 |
| 0.27 | 1.25 | 2.00 | 0.77 | 0.37 |
| 0.27 | 1.25 | 3.00 | 0.78 | 0.37 |
| 0.27 | 1.25 | 4.00 | 0.78 | 0.36 |
| 0.27 | 1.30 | 1.00 | 0.78 | 0.35 |
| 0.27 | 1.30 | 2.00 | 0.79 | 0.35 |
| 0.27 | 1.30 | 3.00 | 0.79 | 0.34 |
| 0.27 | 1.30 | 4.00 | 0.79 | 0.33 |
| 0.28 | 1.05 | 1.00 | 0.52 | 0.62 |
| 0.28 | 1.05 | 2.00 | 0.58 | 0.56 |
| 0.28 | 1.05 | 3.00 | 0.61 | 0.52 |
| 0.28 | 1.05 | 4.00 | 0.65 | 0.49 |
| 0.28 | 1.10 | 1.00 | 0.65 | 0.50 |
| 0.28 | 1.10 | 2.00 | 0.67 | 0.48 |
| 0.28 | 1.10 | 3.00 | 0.69 | 0.46 |
| 0.28 | 1.10 | 4.00 | 0.71 | 0.44 |
| 0.28 | 1.15 | 1.00 | 0.71 | 0.45 |
| 0.28 | 1.15 | 2.00 | 0.72 | 0.44 |
| 0.28 | 1.15 | 3.00 | 0.73 | 0.42 |
| 0.28 | 1.15 | 4.00 | 0.74 | 0.41 |
| 0.28 | 1.20 | 1.00 | 0.74 | 0.41 |
| 0.28 | 1.20 | 2.00 | 0.75 | 0.40 |
| 0.28 | 1.20 | 3.00 | 0.75 | 0.39 |
| 0.28 | 1.20 | 4.00 | 0.76 | 0.38 |
| 0.28 | 1.25 | 1.00 | 0.76 | 0.38 |
| 0.28 | 1.25 | 2.00 | 0.77 | 0.37 |
| 0.28 | 1.25 | 3.00 | 0.78 | 0.37 |
| 0.28 | 1.25 | 4.00 | 0.78 | 0.36 |
| 0.28 | 1.30 | 1.00 | 0.78 | 0.35 |
| 0.28 | 1.30 | 2.00 | 0.79 | 0.35 |
| 0.28 | 1.30 | 3.00 | 0.79 | 0.34 |
| 0.28 | 1.30 | 4.00 | 0.79 | 0.33 |
| 0.29 | 1.05 | 1.00 | 0.52 | 0.62 |
| 0.29 | 1.05 | 2.00 | 0.57 | 0.56 |
| 0.29 | 1.05 | 3.00 | 0.61 | 0.52 |
| 0.29 | 1.05 | 4.00 | 0.65 | 0.49 |
| 0.29 | 1.10 | 1.00 | 0.65 | 0.50 |
| 0.29 | 1.10 | 2.00 | 0.67 | 0.48 |
| 0.29 | 1.10 | 3.00 | 0.69 | 0.46 |
| 0.29 | 1.10 | 4.00 | 0.70 | 0.44 |
| 0.29 | 1.15 | 1.00 | 0.70 | 0.44 |
| 0.29 | 1.15 | 2.00 | 0.71 | 0.43 |
| 0.29 | 1.15 | 3.00 | 0.73 | 0.42 |
| 0.29 | 1.15 | 4.00 | 0.74 | 0.41 |
| 0.29 | 1.20 | 1.00 | 0.74 | 0.41 |
| 0.29 | 1.20 | 2.00 | 0.74 | 0.40 |
| 0.29 | 1.20 | 3.00 | 0.75 | 0.39 |
| 0.29 | 1.20 | 4.00 | 0.76 | 0.38 |
| 0.29 | 1.25 | 1.00 | 0.76 | 0.38 |
| 0.29 | 1.25 | 2.00 | 0.77 | 0.37 |
| 0.29 | 1.25 | 3.00 | 0.78 | 0.36 |
| 0.29 | 1.25 | 4.00 | 0.78 | 0.36 |
| 0.29 | 1.30 | 1.00 | 0.78 | 0.35 |
| 0.29 | 1.30 | 2.00 | 0.78 | 0.35 |
| 0.29 | 1.30 | 3.00 | 0.79 | 0.34 |
| 0.29 | 1.30 | 4.00 | 0.79 | 0.33 |
| 0.30 | 1.05 | 1.00 | 0.52 | 0.62 |
| 0.30 | 1.05 | 2.00 | 0.57 | 0.56 |
| 0.30 | 1.05 | 3.00 | 0.61 | 0.52 |
| 0.30 | 1.05 | 4.00 | 0.65 | 0.49 |
| 0.30 | 1.10 | 1.00 | 0.65 | 0.50 |
| 0.30 | 1.10 | 2.00 | 0.67 | 0.48 |
| 0.30 | 1.10 | 3.00 | 0.69 | 0.46 |
| 0.30 | 1.10 | 4.00 | 0.70 | 0.44 |
| 0.30 | 1.15 | 1.00 | 0.70 | 0.44 |
| 0.30 | 1.15 | 2.00 | 0.71 | 0.43 |
| 0.30 | 1.15 | 3.00 | 0.73 | 0.42 |
| 0.30 | 1.15 | 4.00 | 0.74 | 0.41 |
| 0.30 | 1.20 | 1.00 | 0.74 | 0.41 |
| 0.30 | 1.20 | 2.00 | 0.74 | 0.40 |
| 0.30 | 1.20 | 3.00 | 0.75 | 0.39 |
| 0.30 | 1.20 | 4.00 | 0.76 | 0.38 |
| 0.30 | 1.25 | 1.00 | 0.76 | 0.38 |
| 0.30 | 1.25 | 2.00 | 0.77 | 0.37 |
| 0.30 | 1.25 | 3.00 | 0.78 | 0.36 |
| 0.30 | 1.25 | 4.00 | 0.78 | 0.36 |
| 0.30 | 1.30 | 1.00 | 0.78 | 0.35 |
| 0.30 | 1.30 | 2.00 | 0.78 | 0.35 |
| 0.30 | 1.30 | 3.00 | 0.79 | 0.34 |
| 0.30 | 1.30 | 4.00 | 0.79 | 0.33 |
| 0.31 | 1.05 | 1.00 | 0.51 | 0.62 |
| 0.31 | 1.05 | 2.00 | 0.57 | 0.56 |
| 0.31 | 1.05 | 3.00 | 0.61 | 0.52 |
| 0.31 | 1.05 | 4.00 | 0.64 | 0.49 |
| 0.31 | 1.10 | 1.00 | 0.64 | 0.50 |
| 0.31 | 1.10 | 2.00 | 0.67 | 0.48 |
| 0.31 | 1.10 | 3.00 | 0.69 | 0.46 |
| 0.31 | 1.10 | 4.00 | 0.70 | 0.44 |
| 0.31 | 1.15 | 1.00 | 0.70 | 0.44 |
| 0.31 | 1.15 | 2.00 | 0.71 | 0.43 |
| 0.31 | 1.15 | 3.00 | 0.72 | 0.42 |
| 0.31 | 1.15 | 4.00 | 0.73 | 0.41 |
| 0.31 | 1.20 | 1.00 | 0.73 | 0.41 |
| 0.31 | 1.20 | 2.00 | 0.74 | 0.40 |
| 0.31 | 1.20 | 3.00 | 0.75 | 0.39 |
| 0.31 | 1.20 | 4.00 | 0.76 | 0.38 |
| 0.31 | 1.25 | 1.00 | 0.76 | 0.38 |
| 0.31 | 1.25 | 2.00 | 0.77 | 0.37 |
| 0.31 | 1.25 | 3.00 | 0.77 | 0.36 |
| 0.31 | 1.25 | 4.00 | 0.78 | 0.35 |
| 0.31 | 1.30 | 1.00 | 0.78 | 0.35 |
| 0.31 | 1.30 | 2.00 | 0.78 | 0.35 |
| 0.31 | 1.30 | 3.00 | 0.79 | 0.34 |
| 0.31 | 1.30 | 4.00 | 0.79 | 0.33 |
| 0.32 | 1.05 | 1.00 | 0.51 | 0.62 |
| 0.32 | 1.05 | 2.00 | 0.57 | 0.56 |
| 0.32 | 1.05 | 3.00 | 0.61 | 0.52 |
| 0.32 | 1.05 | 4.00 | 0.64 | 0.49 |
| 0.32 | 1.10 | 1.00 | 0.64 | 0.49 |
| 0.32 | 1.10 | 2.00 | 0.67 | 0.48 |
| 0.32 | 1.10 | 3.00 | 0.69 | 0.46 |
| 0.32 | 1.10 | 4.00 | 0.70 | 0.44 |
| 0.32 | 1.15 | 1.00 | 0.70 | 0.44 |
| 0.32 | 1.15 | 2.00 | 0.71 | 0.43 |
| 0.32 | 1.15 | 3.00 | 0.72 | 0.42 |
| 0.32 | 1.15 | 4.00 | 0.73 | 0.41 |
| 0.32 | 1.20 | 1.00 | 0.73 | 0.41 |
| 0.32 | 1.20 | 2.00 | 0.74 | 0.40 |
| 0.32 | 1.20 | 3.00 | 0.75 | 0.39 |
| 0.32 | 1.20 | 4.00 | 0.76 | 0.38 |
| 0.32 | 1.25 | 1.00 | 0.76 | 0.38 |
| 0.32 | 1.25 | 2.00 | 0.77 | 0.37 |
| 0.32 | 1.25 | 3.00 | 0.77 | 0.36 |
| 0.32 | 1.25 | 4.00 | 0.78 | 0.35 |
| 0.32 | 1.30 | 1.00 | 0.78 | 0.35 |
| 0.32 | 1.30 | 2.00 | 0.78 | 0.35 |
| 0.32 | 1.30 | 3.00 | 0.79 | 0.34 |
| 0.32 | 1.30 | 4.00 | 0.79 | 0.33 |
| 0.33 | 1.05 | 1.00 | 0.51 | 0.62 |
| 0.33 | 1.05 | 2.00 | 0.57 | 0.56 |
| 0.33 | 1.05 | 3.00 | 0.61 | 0.52 |
| 0.33 | 1.05 | 4.00 | 0.64 | 0.49 |
| 0.33 | 1.10 | 1.00 | 0.64 | 0.49 |
| 0.33 | 1.10 | 2.00 | 0.66 | 0.48 |
| 0.33 | 1.10 | 3.00 | 0.68 | 0.46 |
| 0.33 | 1.10 | 4.00 | 0.70 | 0.44 |
| 0.33 | 1.15 | 1.00 | 0.70 | 0.44 |
| 0.33 | 1.15 | 2.00 | 0.71 | 0.43 |
| 0.33 | 1.15 | 3.00 | 0.72 | 0.42 |
| 0.33 | 1.15 | 4.00 | 0.73 | 0.41 |
| 0.33 | 1.20 | 1.00 | 0.73 | 0.41 |
| 0.33 | 1.20 | 2.00 | 0.74 | 0.40 |
| 0.33 | 1.20 | 3.00 | 0.75 | 0.39 |
| 0.33 | 1.20 | 4.00 | 0.75 | 0.38 |
| 0.33 | 1.25 | 1.00 | 0.76 | 0.38 |
| 0.33 | 1.25 | 2.00 | 0.77 | 0.37 |
| 0.33 | 1.25 | 3.00 | 0.77 | 0.36 |
| 0.33 | 1.25 | 4.00 | 0.78 | 0.35 |
| 0.33 | 1.30 | 1.00 | 0.78 | 0.35 |
| 0.33 | 1.30 | 2.00 | 0.78 | 0.35 |
| 0.33 | 1.30 | 3.00 | 0.78 | 0.34 |
| 0.33 | 1.30 | 4.00 | 0.79 | 0.33 |
| 0.34 | 1.05 | 1.00 | 0.51 | 0.62 |
| 0.34 | 1.05 | 2.00 | 0.57 | 0.56 |
| 0.34 | 1.05 | 3.00 | 0.61 | 0.52 |
| 0.34 | 1.05 | 4.00 | 0.64 | 0.49 |
| 0.34 | 1.10 | 1.00 | 0.64 | 0.49 |
| 0.34 | 1.10 | 2.00 | 0.66 | 0.48 |
| 0.34 | 1.10 | 3.00 | 0.68 | 0.46 |
| 0.34 | 1.10 | 4.00 | 0.70 | 0.44 |
| 0.34 | 1.15 | 1.00 | 0.70 | 0.44 |
| 0.34 | 1.15 | 2.00 | 0.71 | 0.43 |
| 0.34 | 1.15 | 3.00 | 0.72 | 0.42 |
| 0.34 | 1.15 | 4.00 | 0.73 | 0.41 |
| 0.34 | 1.20 | 1.00 | 0.73 | 0.41 |
| 0.34 | 1.20 | 2.00 | 0.74 | 0.40 |
| 0.34 | 1.20 | 3.00 | 0.75 | 0.39 |
| 0.34 | 1.20 | 4.00 | 0.75 | 0.38 |
| 0.34 | 1.25 | 1.00 | 0.76 | 0.38 |
| 0.34 | 1.25 | 2.00 | 0.76 | 0.37 |
| 0.34 | 1.25 | 3.00 | 0.77 | 0.36 |
| 0.34 | 1.25 | 4.00 | 0.78 | 0.35 |
| 0.34 | 1.30 | 1.00 | 0.78 | 0.35 |
| 0.34 | 1.30 | 2.00 | 0.78 | 0.35 |
| 0.34 | 1.30 | 3.00 | 0.78 | 0.34 |
| 0.34 | 1.30 | 4.00 | 0.79 | 0.33 |
| 0.35 | 1.05 | 1.00 | 0.51 | 0.62 |
| 0.35 | 1.05 | 2.00 | 0.57 | 0.56 |
| 0.35 | 1.05 | 3.00 | 0.61 | 0.52 |
| 0.35 | 1.05 | 4.00 | 0.64 | 0.49 |
| 0.35 | 1.10 | 1.00 | 0.64 | 0.49 |
| 0.35 | 1.10 | 2.00 | 0.66 | 0.48 |
| 0.35 | 1.10 | 3.00 | 0.68 | 0.46 |
| 0.35 | 1.10 | 4.00 | 0.70 | 0.44 |
| 0.35 | 1.15 | 1.00 | 0.70 | 0.44 |
| 0.35 | 1.15 | 2.00 | 0.71 | 0.43 |
| 0.35 | 1.15 | 3.00 | 0.72 | 0.42 |
| 0.35 | 1.15 | 4.00 | 0.73 | 0.41 |
| 0.35 | 1.20 | 1.00 | 0.73 | 0.41 |
| 0.35 | 1.20 | 2.00 | 0.74 | 0.40 |
| 0.35 | 1.20 | 3.00 | 0.75 | 0.39 |
| 0.35 | 1.20 | 4.00 | 0.75 | 0.38 |
| 0.35 | 1.25 | 1.00 | 0.76 | 0.38 |
| 0.35 | 1.25 | 2.00 | 0.76 | 0.37 |
| 0.35 | 1.25 | 3.00 | 0.77 | 0.36 |
| 0.35 | 1.25 | 4.00 | 0.78 | 0.35 |
| 0.35 | 1.30 | 1.00 | 0.78 | 0.35 |
| 0.35 | 1.30 | 2.00 | 0.78 | 0.35 |
| 0.35 | 1.30 | 3.00 | 0.78 | 0.34 |
| 0.35 | 1.30 | 4.00 | 0.79 | 0.33 |
| 0.36 | 1.05 | 1.00 | 0.51 | 0.62 |
| 0.36 | 1.05 | 2.00 | 0.56 | 0.56 |
| 0.36 | 1.05 | 3.00 | 0.60 | 0.51 |
| 0.36 | 1.05 | 4.00 | 0.64 | 0.49 |
| 0.36 | 1.10 | 1.00 | 0.64 | 0.49 |
| 0.36 | 1.10 | 2.00 | 0.66 | 0.48 |
| 0.36 | 1.10 | 3.00 | 0.68 | 0.46 |
| 0.36 | 1.10 | 4.00 | 0.70 | 0.44 |
| 0.36 | 1.15 | 1.00 | 0.70 | 0.44 |
| 0.36 | 1.15 | 2.00 | 0.71 | 0.43 |
| 0.36 | 1.15 | 3.00 | 0.72 | 0.42 |
| 0.36 | 1.15 | 4.00 | 0.73 | 0.41 |
| 0.36 | 1.20 | 1.00 | 0.73 | 0.41 |
| 0.36 | 1.20 | 2.00 | 0.73 | 0.40 |
| 0.36 | 1.20 | 3.00 | 0.74 | 0.39 |
| 0.36 | 1.20 | 4.00 | 0.75 | 0.38 |
| 0.36 | 1.25 | 1.00 | 0.75 | 0.38 |
| 0.36 | 1.25 | 2.00 | 0.76 | 0.37 |
| 0.36 | 1.25 | 3.00 | 0.77 | 0.36 |
| 0.36 | 1.25 | 4.00 | 0.77 | 0.35 |
| 0.36 | 1.30 | 1.00 | 0.77 | 0.35 |
| 0.36 | 1.30 | 2.00 | 0.78 | 0.35 |
| 0.36 | 1.30 | 3.00 | 0.78 | 0.34 |
| 0.36 | 1.30 | 4.00 | 0.78 | 0.33 |
| 0.37 | 1.05 | 1.00 | 0.51 | 0.62 |
| 0.37 | 1.05 | 2.00 | 0.56 | 0.56 |
| 0.37 | 1.05 | 3.00 | 0.60 | 0.51 |
| 0.37 | 1.05 | 4.00 | 0.64 | 0.49 |
| 0.37 | 1.10 | 1.00 | 0.64 | 0.49 |
| 0.37 | 1.10 | 2.00 | 0.66 | 0.48 |
| 0.37 | 1.10 | 3.00 | 0.68 | 0.46 |
| 0.37 | 1.10 | 4.00 | 0.70 | 0.44 |
| 0.37 | 1.15 | 1.00 | 0.70 | 0.44 |
| 0.37 | 1.15 | 2.00 | 0.71 | 0.43 |
| 0.37 | 1.15 | 3.00 | 0.72 | 0.42 |
| 0.37 | 1.15 | 4.00 | 0.73 | 0.41 |
| 0.37 | 1.20 | 1.00 | 0.73 | 0.41 |
| 0.37 | 1.20 | 2.00 | 0.73 | 0.40 |
| 0.37 | 1.20 | 3.00 | 0.74 | 0.39 |
| 0.37 | 1.20 | 4.00 | 0.75 | 0.38 |
| 0.37 | 1.25 | 1.00 | 0.75 | 0.38 |
| 0.37 | 1.25 | 2.00 | 0.76 | 0.37 |
| 0.37 | 1.25 | 3.00 | 0.77 | 0.36 |
| 0.37 | 1.25 | 4.00 | 0.77 | 0.35 |
| 0.37 | 1.30 | 1.00 | 0.77 | 0.35 |
| 0.37 | 1.30 | 2.00 | 0.78 | 0.35 |
| 0.37 | 1.30 | 3.00 | 0.78 | 0.34 |
| 0.37 | 1.30 | 4.00 | 0.78 | 0.33 |
| 0.38 | 1.05 | 1.00 | 0.51 | 0.62 |
| 0.38 | 1.05 | 2.00 | 0.56 | 0.56 |
| 0.38 | 1.05 | 3.00 | 0.60 | 0.51 |
| 0.38 | 1.05 | 4.00 | 0.63 | 0.49 |
| 0.38 | 1.10 | 1.00 | 0.64 | 0.49 |
| 0.38 | 1.10 | 2.00 | 0.66 | 0.48 |
| 0.38 | 1.10 | 3.00 | 0.68 | 0.46 |
| 0.38 | 1.10 | 4.00 | 0.70 | 0.44 |
| 0.38 | 1.15 | 1.00 | 0.70 | 0.44 |
| 0.38 | 1.15 | 2.00 | 0.70 | 0.43 |
| 0.38 | 1.15 | 3.00 | 0.71 | 0.42 |
| 0.38 | 1.15 | 4.00 | 0.72 | 0.41 |
| 0.38 | 1.20 | 1.00 | 0.72 | 0.40 |
| 0.38 | 1.20 | 2.00 | 0.73 | 0.40 |
| 0.38 | 1.20 | 3.00 | 0.74 | 0.39 |
| 0.38 | 1.20 | 4.00 | 0.75 | 0.38 |
| 0.38 | 1.25 | 1.00 | 0.75 | 0.38 |
| 0.38 | 1.25 | 2.00 | 0.76 | 0.37 |
| 0.38 | 1.25 | 3.00 | 0.76 | 0.36 |
| 0.38 | 1.25 | 4.00 | 0.77 | 0.35 |
| 0.38 | 1.30 | 1.00 | 0.77 | 0.35 |
| 0.38 | 1.30 | 2.00 | 0.77 | 0.35 |
| 0.38 | 1.30 | 3.00 | 0.78 | 0.34 |
| 0.38 | 1.30 | 4.00 | 0.78 | 0.33 |
| 0.39 | 1.05 | 1.00 | 0.50 | 0.61 |
| 0.39 | 1.05 | 2.00 | 0.55 | 0.55 |
| 0.39 | 1.05 | 3.00 | 0.59 | 0.51 |
| 0.39 | 1.05 | 4.00 | 0.63 | 0.49 |
| 0.39 | 1.10 | 1.00 | 0.63 | 0.49 |
| 0.39 | 1.10 | 2.00 | 0.65 | 0.47 |
| 0.39 | 1.10 | 3.00 | 0.67 | 0.46 |
| 0.39 | 1.10 | 4.00 | 0.69 | 0.44 |
| 0.39 | 1.15 | 1.00 | 0.69 | 0.44 |
| 0.39 | 1.15 | 2.00 | 0.70 | 0.43 |
| 0.39 | 1.15 | 3.00 | 0.71 | 0.42 |
| 0.39 | 1.15 | 4.00 | 0.72 | 0.41 |
| 0.39 | 1.20 | 1.00 | 0.72 | 0.40 |
| 0.39 | 1.20 | 2.00 | 0.73 | 0.40 |
| 0.39 | 1.20 | 3.00 | 0.74 | 0.39 |
| 0.39 | 1.20 | 4.00 | 0.74 | 0.37 |
| 0.39 | 1.25 | 1.00 | 0.75 | 0.37 |
| 0.39 | 1.25 | 2.00 | 0.75 | 0.37 |
| 0.39 | 1.25 | 3.00 | 0.76 | 0.36 |
| 0.39 | 1.25 | 4.00 | 0.77 | 0.35 |
| 0.39 | 1.30 | 1.00 | 0.76 | 0.35 |
| 0.39 | 1.30 | 2.00 | 0.77 | 0.34 |
| 0.39 | 1.30 | 3.00 | 0.77 | 0.34 |
| 0.39 | 1.30 | 4.00 | 0.77 | 0.33 |
| 0.40 | 1.05 | 1.00 | 0.49 | 0.61 |
| 0.40 | 1.05 | 2.00 | 0.55 | 0.55 |
| 0.40 | 1.05 | 3.00 | 0.58 | 0.51 |
| 0.40 | 1.05 | 4.00 | 0.62 | 0.48 |
| 0.40 | 1.10 | 1.00 | 0.62 | 0.49 |
| 0.40 | 1.10 | 2.00 | 0.65 | 0.47 |
| 0.40 | 1.10 | 3.00 | 0.67 | 0.46 |
| 0.40 | 1.10 | 4.00 | 0.69 | 0.44 |
| 0.40 | 1.15 | 1.00 | 0.69 | 0.44 |
| 0.40 | 1.15 | 2.00 | 0.69 | 0.43 |
| 0.40 | 1.15 | 3.00 | 0.71 | 0.42 |
| 0.40 | 1.15 | 4.00 | 0.72 | 0.40 |
| 0.40 | 1.20 | 1.00 | 0.72 | 0.40 |
| 0.40 | 1.20 | 2.00 | 0.72 | 0.39 |
| 0.40 | 1.20 | 3.00 | 0.73 | 0.38 |
| 0.40 | 1.20 | 4.00 | 0.74 | 0.37 |
| 0.40 | 1.25 | 1.00 | 0.74 | 0.37 |
| 0.40 | 1.25 | 2.00 | 0.75 | 0.37 |
| 0.40 | 1.25 | 3.00 | 0.76 | 0.36 |
| 0.40 | 1.25 | 4.00 | 0.76 | 0.35 |
| 0.40 | 1.30 | 1.00 | 0.76 | 0.35 |
| 0.40 | 1.30 | 2.00 | 0.76 | 0.34 |
| 0.40 | 1.30 | 3.00 | 0.77 | 0.34 |
| 0.40 | 1.30 | 4.00 | 0.77 | 0.33 |
| 0.41 | 1.05 | 1.00 | 0.49 | 0.61 |
| 0.41 | 1.05 | 2.00 | 0.54 | 0.55 |
| 0.41 | 1.05 | 3.00 | 0.58 | 0.51 |
| 0.41 | 1.05 | 4.00 | 0.61 | 0.48 |
| 0.41 | 1.10 | 1.00 | 0.62 | 0.48 |
| 0.41 | 1.10 | 2.00 | 0.64 | 0.47 |
| 0.41 | 1.10 | 3.00 | 0.66 | 0.46 |
| 0.41 | 1.10 | 4.00 | 0.68 | 0.44 |
| 0.41 | 1.15 | 1.00 | 0.68 | 0.44 |
| 0.41 | 1.15 | 2.00 | 0.69 | 0.43 |
| 0.41 | 1.15 | 3.00 | 0.70 | 0.41 |
| 0.41 | 1.15 | 4.00 | 0.71 | 0.40 |
| 0.41 | 1.20 | 1.00 | 0.71 | 0.40 |
| 0.41 | 1.20 | 2.00 | 0.72 | 0.39 |
| 0.41 | 1.20 | 3.00 | 0.73 | 0.38 |
| 0.41 | 1.20 | 4.00 | 0.73 | 0.37 |
| 0.41 | 1.25 | 1.00 | 0.74 | 0.37 |
| 0.41 | 1.25 | 2.00 | 0.74 | 0.37 |
| 0.41 | 1.25 | 3.00 | 0.75 | 0.36 |
| 0.41 | 1.25 | 4.00 | 0.76 | 0.35 |
| 0.41 | 1.30 | 1.00 | 0.76 | 0.35 |
| 0.41 | 1.30 | 2.00 | 0.76 | 0.34 |
| 0.41 | 1.30 | 3.00 | 0.76 | 0.33 |
| 0.41 | 1.30 | 4.00 | 0.77 | 0.33 |
| 0.42 | 1.05 | 1.00 | 0.49 | 0.61 |
| 0.42 | 1.05 | 2.00 | 0.54 | 0.55 |
| 0.42 | 1.05 | 3.00 | 0.58 | 0.50 |
| 0.42 | 1.05 | 4.00 | 0.61 | 0.48 |
| 0.42 | 1.10 | 1.00 | 0.61 | 0.48 |
| 0.42 | 1.10 | 2.00 | 0.64 | 0.47 |
| 0.42 | 1.10 | 3.00 | 0.66 | 0.45 |
| 0.42 | 1.10 | 4.00 | 0.68 | 0.43 |
| 0.42 | 1.15 | 1.00 | 0.68 | 0.43 |
| 0.42 | 1.15 | 2.00 | 0.68 | 0.42 |
| 0.42 | 1.15 | 3.00 | 0.69 | 0.41 |
| 0.42 | 1.15 | 4.00 | 0.70 | 0.40 |
| 0.42 | 1.20 | 1.00 | 0.70 | 0.40 |
| 0.42 | 1.20 | 2.00 | 0.71 | 0.39 |
| 0.42 | 1.20 | 3.00 | 0.72 | 0.38 |
| 0.42 | 1.20 | 4.00 | 0.73 | 0.37 |
| 0.42 | 1.25 | 1.00 | 0.73 | 0.37 |
| 0.42 | 1.25 | 2.00 | 0.74 | 0.36 |
| 0.42 | 1.25 | 3.00 | 0.75 | 0.36 |
| 0.42 | 1.25 | 4.00 | 0.75 | 0.35 |
| 0.42 | 1.30 | 1.00 | 0.75 | 0.35 |
| 0.42 | 1.30 | 2.00 | 0.75 | 0.34 |
| 0.42 | 1.30 | 3.00 | 0.76 | 0.33 |
| 0.42 | 1.30 | 4.00 | 0.76 | 0.32 |
| 0.43 | 1.05 | 1.00 | 0.48 | 0.61 |
| 0.43 | 1.05 | 2.00 | 0.54 | 0.55 |
| 0.43 | 1.05 | 3.00 | 0.57 | 0.50 |
| 0.43 | 1.05 | 4.00 | 0.61 | 0.48 |
| 0.43 | 1.10 | 1.00 | 0.61 | 0.48 |
| 0.43 | 1.10 | 2.00 | 0.63 | 0.47 |
| 0.43 | 1.10 | 3.00 | 0.66 | 0.45 |
| 0.43 | 1.10 | 4.00 | 0.67 | 0.43 |
| 0.43 | 1.15 | 1.00 | 0.67 | 0.43 |
| 0.43 | 1.15 | 2.00 | 0.68 | 0.42 |
| 0.43 | 1.15 | 3.00 | 0.69 | 0.41 |
| 0.43 | 1.15 | 4.00 | 0.70 | 0.40 |
| 0.43 | 1.20 | 1.00 | 0.70 | 0.40 |
| 0.43 | 1.20 | 2.00 | 0.71 | 0.39 |
| 0.43 | 1.20 | 3.00 | 0.72 | 0.38 |
| 0.43 | 1.20 | 4.00 | 0.72 | 0.37 |
| 0.43 | 1.25 | 1.00 | 0.73 | 0.37 |
| 0.43 | 1.25 | 2.00 | 0.73 | 0.36 |
| 0.43 | 1.25 | 3.00 | 0.74 | 0.35 |
| 0.43 | 1.25 | 4.00 | 0.75 | 0.34 |
| 0.43 | 1.30 | 1.00 | 0.75 | 0.34 |
| 0.43 | 1.30 | 2.00 | 0.75 | 0.34 |
| 0.43 | 1.30 | 3.00 | 0.75 | 0.33 |
| 0.43 | 1.30 | 4.00 | 0.76 | 0.32 |
| 0.44 | 1.05 | 1.00 | 0.48 | 0.60 |
| 0.44 | 1.05 | 2.00 | 0.53 | 0.54 |
| 0.44 | 1.05 | 3.00 | 0.57 | 0.50 |
| 0.44 | 1.05 | 4.00 | 0.60 | 0.48 |
| 0.44 | 1.10 | 1.00 | 0.61 | 0.48 |
| 0.44 | 1.10 | 2.00 | 0.63 | 0.47 |
| 0.44 | 1.10 | 3.00 | 0.65 | 0.45 |
| 0.44 | 1.10 | 4.00 | 0.67 | 0.43 |
| 0.44 | 1.15 | 1.00 | 0.67 | 0.43 |
| 0.44 | 1.15 | 2.00 | 0.67 | 0.42 |
| 0.44 | 1.15 | 3.00 | 0.68 | 0.41 |
| 0.44 | 1.15 | 4.00 | 0.69 | 0.40 |
| 0.44 | 1.20 | 1.00 | 0.69 | 0.39 |
| 0.44 | 1.20 | 2.00 | 0.70 | 0.39 |
| 0.44 | 1.20 | 3.00 | 0.71 | 0.38 |
| 0.44 | 1.20 | 4.00 | 0.72 | 0.37 |
| 0.44 | 1.25 | 1.00 | 0.72 | 0.37 |
| 0.44 | 1.25 | 2.00 | 0.73 | 0.36 |
| 0.44 | 1.25 | 3.00 | 0.73 | 0.35 |
| 0.44 | 1.25 | 4.00 | 0.74 | 0.34 |
| 0.44 | 1.30 | 1.00 | 0.74 | 0.34 |
| 0.44 | 1.30 | 2.00 | 0.74 | 0.34 |
| 0.44 | 1.30 | 3.00 | 0.75 | 0.33 |
| 0.44 | 1.30 | 4.00 | 0.75 | 0.32 |
| 0.45 | 1.05 | 1.00 | 0.47 | 0.60 |
| 0.45 | 1.05 | 2.00 | 0.53 | 0.54 |
| 0.45 | 1.05 | 3.00 | 0.56 | 0.50 |
| 0.45 | 1.05 | 4.00 | 0.60 | 0.47 |
| 0.45 | 1.10 | 1.00 | 0.60 | 0.48 |
| 0.45 | 1.10 | 2.00 | 0.62 | 0.46 |
| 0.45 | 1.10 | 3.00 | 0.64 | 0.45 |
| 0.45 | 1.10 | 4.00 | 0.66 | 0.43 |
| 0.45 | 1.15 | 1.00 | 0.66 | 0.43 |
| 0.45 | 1.15 | 2.00 | 0.67 | 0.42 |
| 0.45 | 1.15 | 3.00 | 0.68 | 0.41 |
| 0.45 | 1.15 | 4.00 | 0.69 | 0.39 |
| 0.45 | 1.20 | 1.00 | 0.69 | 0.39 |
| 0.45 | 1.20 | 2.00 | 0.70 | 0.39 |
| 0.45 | 1.20 | 3.00 | 0.70 | 0.37 |
| 0.45 | 1.20 | 4.00 | 0.71 | 0.36 |
| 0.45 | 1.25 | 1.00 | 0.71 | 0.36 |
| 0.45 | 1.25 | 2.00 | 0.72 | 0.36 |
| 0.45 | 1.25 | 3.00 | 0.73 | 0.35 |
| 0.45 | 1.25 | 4.00 | 0.73 | 0.34 |
| 0.45 | 1.30 | 1.00 | 0.73 | 0.34 |
| 0.45 | 1.30 | 2.00 | 0.73 | 0.33 |
| 0.45 | 1.30 | 3.00 | 0.74 | 0.33 |
| 0.45 | 1.30 | 4.00 | 0.74 | 0.32 |
| 0.46 | 1.05 | 1.00 | 0.47 | 0.60 |
| 0.46 | 1.05 | 2.00 | 0.53 | 0.54 |
| 0.46 | 1.05 | 3.00 | 0.56 | 0.50 |
| 0.46 | 1.05 | 4.00 | 0.60 | 0.47 |
| 0.46 | 1.10 | 1.00 | 0.60 | 0.48 |
| 0.46 | 1.10 | 2.00 | 0.62 | 0.46 |
| 0.46 | 1.10 | 3.00 | 0.64 | 0.45 |
| 0.46 | 1.10 | 4.00 | 0.66 | 0.43 |
| 0.46 | 1.15 | 1.00 | 0.65 | 0.43 |
| 0.46 | 1.15 | 2.00 | 0.66 | 0.42 |
| 0.46 | 1.15 | 3.00 | 0.67 | 0.41 |
| 0.46 | 1.15 | 4.00 | 0.68 | 0.39 |
| 0.46 | 1.20 | 1.00 | 0.68 | 0.39 |
| 0.46 | 1.20 | 2.00 | 0.69 | 0.38 |
| 0.46 | 1.20 | 3.00 | 0.70 | 0.37 |
| 0.46 | 1.20 | 4.00 | 0.70 | 0.36 |
| 0.46 | 1.25 | 1.00 | 0.71 | 0.36 |
| 0.46 | 1.25 | 2.00 | 0.71 | 0.36 |
| 0.46 | 1.25 | 3.00 | 0.72 | 0.35 |
| 0.46 | 1.25 | 4.00 | 0.72 | 0.34 |
| 0.46 | 1.30 | 1.00 | 0.72 | 0.34 |
| 0.46 | 1.30 | 2.00 | 0.73 | 0.33 |
| 0.46 | 1.30 | 3.00 | 0.73 | 0.32 |
| 0.46 | 1.30 | 4.00 | 0.73 | 0.32 |
| 0.47 | 1.05 | 1.00 | 0.47 | 0.60 |
| 0.47 | 1.05 | 2.00 | 0.53 | 0.54 |
| 0.47 | 1.05 | 3.00 | 0.56 | 0.50 |
| 0.47 | 1.05 | 4.00 | 0.60 | 0.47 |
| 0.47 | 1.10 | 1.00 | 0.60 | 0.48 |
| 0.47 | 1.10 | 2.00 | 0.62 | 0.46 |
| 0.47 | 1.10 | 3.00 | 0.64 | 0.45 |
| 0.47 | 1.10 | 4.00 | 0.66 | 0.43 |
| 0.47 | 1.15 | 1.00 | 0.65 | 0.43 |
| 0.47 | 1.15 | 2.00 | 0.66 | 0.42 |
| 0.47 | 1.15 | 3.00 | 0.67 | 0.40 |
| 0.47 | 1.15 | 4.00 | 0.68 | 0.39 |
| 0.47 | 1.20 | 1.00 | 0.68 | 0.39 |
| 0.47 | 1.20 | 2.00 | 0.69 | 0.38 |
| 0.47 | 1.20 | 3.00 | 0.69 | 0.37 |
| 0.47 | 1.20 | 4.00 | 0.70 | 0.36 |
| 0.47 | 1.25 | 1.00 | 0.70 | 0.36 |
| 0.47 | 1.25 | 2.00 | 0.71 | 0.35 |
| 0.47 | 1.25 | 3.00 | 0.72 | 0.35 |
| 0.47 | 1.25 | 4.00 | 0.72 | 0.34 |
| 0.47 | 1.30 | 1.00 | 0.72 | 0.34 |
| 0.47 | 1.30 | 2.00 | 0.72 | 0.33 |
| 0.47 | 1.30 | 3.00 | 0.73 | 0.32 |
| 0.47 | 1.30 | 4.00 | 0.73 | 0.31 |
| 0.48 | 1.05 | 1.00 | 0.47 | 0.60 |
| 0.48 | 1.05 | 2.00 | 0.52 | 0.54 |
| 0.48 | 1.05 | 3.00 | 0.56 | 0.50 |
| 0.48 | 1.05 | 4.00 | 0.59 | 0.47 |
| 0.48 | 1.10 | 1.00 | 0.60 | 0.48 |
| 0.48 | 1.10 | 2.00 | 0.62 | 0.46 |
| 0.48 | 1.10 | 3.00 | 0.64 | 0.45 |
| 0.48 | 1.10 | 4.00 | 0.65 | 0.43 |
| 0.48 | 1.15 | 1.00 | 0.65 | 0.42 |
| 0.48 | 1.15 | 2.00 | 0.66 | 0.41 |
| 0.48 | 1.15 | 3.00 | 0.67 | 0.40 |
| 0.48 | 1.15 | 4.00 | 0.68 | 0.39 |
| 0.48 | 1.20 | 1.00 | 0.68 | 0.39 |
| 0.48 | 1.20 | 2.00 | 0.68 | 0.38 |
| 0.48 | 1.20 | 3.00 | 0.69 | 0.37 |
| 0.48 | 1.20 | 4.00 | 0.70 | 0.36 |
| 0.48 | 1.25 | 1.00 | 0.70 | 0.36 |
| 0.48 | 1.25 | 2.00 | 0.71 | 0.35 |
| 0.48 | 1.25 | 3.00 | 0.71 | 0.34 |
| 0.48 | 1.25 | 4.00 | 0.72 | 0.34 |
| 0.48 | 1.30 | 1.00 | 0.72 | 0.33 |
| 0.48 | 1.30 | 2.00 | 0.72 | 0.33 |
| 0.48 | 1.30 | 3.00 | 0.72 | 0.32 |
| 0.48 | 1.30 | 4.00 | 0.73 | 0.31 |
| 0.49 | 1.05 | 1.00 | 0.46 | 0.59 |
| 0.49 | 1.05 | 2.00 | 0.52 | 0.54 |
| 0.49 | 1.05 | 3.00 | 0.55 | 0.49 |
| 0.49 | 1.05 | 4.00 | 0.59 | 0.47 |
| 0.49 | 1.10 | 1.00 | 0.59 | 0.47 |
| 0.49 | 1.10 | 2.00 | 0.61 | 0.46 |
| 0.49 | 1.10 | 3.00 | 0.63 | 0.44 |
| 0.49 | 1.10 | 4.00 | 0.65 | 0.42 |
| 0.49 | 1.15 | 1.00 | 0.64 | 0.42 |
| 0.49 | 1.15 | 2.00 | 0.65 | 0.41 |
| 0.49 | 1.15 | 3.00 | 0.66 | 0.40 |
| 0.49 | 1.15 | 4.00 | 0.67 | 0.39 |
| 0.49 | 1.20 | 1.00 | 0.67 | 0.39 |
| 0.49 | 1.20 | 2.00 | 0.68 | 0.38 |
| 0.49 | 1.20 | 3.00 | 0.69 | 0.37 |
| 0.49 | 1.20 | 4.00 | 0.69 | 0.36 |
| 0.49 | 1.25 | 1.00 | 0.69 | 0.36 |
| 0.49 | 1.25 | 2.00 | 0.70 | 0.35 |
| 0.49 | 1.25 | 3.00 | 0.71 | 0.34 |
| 0.49 | 1.25 | 4.00 | 0.71 | 0.33 |
| 0.49 | 1.30 | 1.00 | 0.71 | 0.33 |
| 0.49 | 1.30 | 2.00 | 0.71 | 0.33 |
| 0.49 | 1.30 | 3.00 | 0.72 | 0.32 |
| 0.49 | 1.30 | 4.00 | 0.72 | 0.31 |
| 0.50 | 1.05 | 1.00 | 0.46 | 0.59 |
| 0.50 | 1.05 | 2.00 | 0.52 | 0.54 |
| 0.50 | 1.05 | 3.00 | 0.55 | 0.49 |
| 0.50 | 1.05 | 4.00 | 0.59 | 0.47 |
| 0.50 | 1.10 | 1.00 | 0.59 | 0.47 |
| 0.50 | 1.10 | 2.00 | 0.61 | 0.46 |
| 0.50 | 1.10 | 3.00 | 0.63 | 0.44 |
| 0.50 | 1.10 | 4.00 | 0.64 | 0.42 |
| 0.50 | 1.15 | 1.00 | 0.64 | 0.42 |
| 0.50 | 1.15 | 2.00 | 0.65 | 0.41 |
| 0.50 | 1.15 | 3.00 | 0.66 | 0.40 |
| 0.50 | 1.15 | 4.00 | 0.67 | 0.39 |
| 0.50 | 1.20 | 1.00 | 0.67 | 0.38 |
| 0.50 | 1.20 | 2.00 | 0.67 | 0.38 |
| 0.50 | 1.20 | 3.00 | 0.68 | 0.37 |
| 0.50 | 1.20 | 4.00 | 0.69 | 0.36 |
| 0.50 | 1.25 | 1.00 | 0.69 | 0.36 |
| 0.50 | 1.25 | 2.00 | 0.69 | 0.35 |
| 0.50 | 1.25 | 3.00 | 0.70 | 0.34 |
| 0.50 | 1.25 | 4.00 | 0.71 | 0.33 |
| 0.50 | 1.30 | 1.00 | 0.70 | 0.33 |
| 0.50 | 1.30 | 2.00 | 0.71 | 0.33 |
| 0.50 | 1.30 | 3.00 | 0.71 | 0.32 |
| 0.50 | 1.30 | 4.00 | 0.71 | 0.31 |
| 0.51 | 1.05 | 1.00 | 0.46 | 0.59 |
| 0.51 | 1.05 | 2.00 | 0.52 | 0.54 |
| 0.51 | 1.05 | 3.00 | 0.55 | 0.49 |
| 0.51 | 1.05 | 4.00 | 0.58 | 0.47 |
| 0.51 | 1.10 | 1.00 | 0.58 | 0.47 |
| 0.51 | 1.10 | 2.00 | 0.60 | 0.45 |
| 0.51 | 1.10 | 3.00 | 0.62 | 0.44 |
| 0.51 | 1.10 | 4.00 | 0.63 | 0.42 |
| 0.51 | 1.15 | 1.00 | 0.63 | 0.42 |
| 0.51 | 1.15 | 2.00 | 0.64 | 0.41 |
| 0.51 | 1.15 | 3.00 | 0.65 | 0.40 |
| 0.51 | 1.15 | 4.00 | 0.66 | 0.38 |
| 0.51 | 1.20 | 1.00 | 0.66 | 0.38 |
| 0.51 | 1.20 | 2.00 | 0.66 | 0.37 |
| 0.51 | 1.20 | 3.00 | 0.67 | 0.36 |
| 0.51 | 1.20 | 4.00 | 0.68 | 0.35 |
| 0.51 | 1.25 | 1.00 | 0.68 | 0.35 |
| 0.51 | 1.25 | 2.00 | 0.69 | 0.35 |
| 0.51 | 1.25 | 3.00 | 0.69 | 0.34 |
| 0.51 | 1.25 | 4.00 | 0.70 | 0.33 |
| 0.51 | 1.30 | 1.00 | 0.70 | 0.33 |
| 0.51 | 1.30 | 2.00 | 0.70 | 0.32 |
| 0.51 | 1.30 | 3.00 | 0.70 | 0.32 |
| 0.51 | 1.30 | 4.00 | 0.70 | 0.31 |
| 0.52 | 1.05 | 1.00 | 0.46 | 0.59 |
| 0.52 | 1.05 | 2.00 | 0.51 | 0.53 |
| 0.52 | 1.05 | 3.00 | 0.54 | 0.49 |
| 0.52 | 1.05 | 4.00 | 0.57 | 0.46 |
| 0.52 | 1.10 | 1.00 | 0.57 | 0.46 |
| 0.52 | 1.10 | 2.00 | 0.59 | 0.45 |
| 0.52 | 1.10 | 3.00 | 0.61 | 0.43 |
| 0.52 | 1.10 | 4.00 | 0.62 | 0.41 |
| 0.52 | 1.15 | 1.00 | 0.62 | 0.41 |
| 0.52 | 1.15 | 2.00 | 0.63 | 0.40 |
| 0.52 | 1.15 | 3.00 | 0.64 | 0.39 |
| 0.52 | 1.15 | 4.00 | 0.64 | 0.38 |
| 0.52 | 1.20 | 1.00 | 0.64 | 0.38 |
| 0.52 | 1.20 | 2.00 | 0.65 | 0.37 |
| 0.52 | 1.20 | 3.00 | 0.66 | 0.36 |
| 0.52 | 1.20 | 4.00 | 0.67 | 0.35 |
| 0.52 | 1.25 | 1.00 | 0.67 | 0.35 |
| 0.52 | 1.25 | 2.00 | 0.67 | 0.34 |
| 0.52 | 1.25 | 3.00 | 0.68 | 0.33 |
| 0.52 | 1.25 | 4.00 | 0.69 | 0.33 |
| 0.52 | 1.30 | 1.00 | 0.69 | 0.32 |
| 0.52 | 1.30 | 2.00 | 0.69 | 0.32 |
| 0.52 | 1.30 | 3.00 | 0.69 | 0.31 |
| 0.52 | 1.30 | 4.00 | 0.69 | 0.30 |
| 0.53 | 1.05 | 1.00 | 0.45 | 0.59 |
| 0.53 | 1.05 | 2.00 | 0.50 | 0.53 |
| 0.53 | 1.05 | 3.00 | 0.53 | 0.48 |
| 0.53 | 1.05 | 4.00 | 0.56 | 0.46 |
| 0.53 | 1.10 | 1.00 | 0.56 | 0.46 |
| 0.53 | 1.10 | 2.00 | 0.58 | 0.45 |
| 0.53 | 1.10 | 3.00 | 0.60 | 0.43 |
| 0.53 | 1.10 | 4.00 | 0.61 | 0.41 |
| 0.53 | 1.15 | 1.00 | 0.61 | 0.41 |
| 0.53 | 1.15 | 2.00 | 0.62 | 0.40 |
| 0.53 | 1.15 | 3.00 | 0.62 | 0.39 |
| 0.53 | 1.15 | 4.00 | 0.63 | 0.37 |
| 0.53 | 1.20 | 1.00 | 0.63 | 0.37 |
| 0.53 | 1.20 | 2.00 | 0.64 | 0.37 |
| 0.53 | 1.20 | 3.00 | 0.65 | 0.36 |
| 0.53 | 1.20 | 4.00 | 0.65 | 0.35 |
| 0.53 | 1.25 | 1.00 | 0.66 | 0.34 |
| 0.53 | 1.25 | 2.00 | 0.66 | 0.34 |
| 0.53 | 1.25 | 3.00 | 0.67 | 0.33 |
| 0.53 | 1.25 | 4.00 | 0.67 | 0.32 |
| 0.53 | 1.30 | 1.00 | 0.67 | 0.32 |
| 0.53 | 1.30 | 2.00 | 0.67 | 0.32 |
| 0.53 | 1.30 | 3.00 | 0.68 | 0.31 |
| 0.53 | 1.30 | 4.00 | 0.68 | 0.30 |
| 0.54 | 1.05 | 1.00 | 0.43 | 0.58 |
| 0.54 | 1.05 | 2.00 | 0.48 | 0.52 |
| 0.54 | 1.05 | 3.00 | 0.51 | 0.47 |
| 0.54 | 1.05 | 4.00 | 0.54 | 0.45 |
| 0.54 | 1.10 | 1.00 | 0.54 | 0.45 |
| 0.54 | 1.10 | 2.00 | 0.55 | 0.43 |
| 0.54 | 1.10 | 3.00 | 0.57 | 0.42 |
| 0.54 | 1.10 | 4.00 | 0.58 | 0.40 |
| 0.54 | 1.15 | 1.00 | 0.58 | 0.40 |
| 0.54 | 1.15 | 2.00 | 0.59 | 0.39 |
| 0.54 | 1.15 | 3.00 | 0.60 | 0.38 |
| 0.54 | 1.15 | 4.00 | 0.61 | 0.37 |
| 0.54 | 1.20 | 1.00 | 0.61 | 0.36 |
| 0.54 | 1.20 | 2.00 | 0.62 | 0.36 |
| 0.54 | 1.20 | 3.00 | 0.63 | 0.35 |
| 0.54 | 1.20 | 4.00 | 0.63 | 0.34 |
| 0.54 | 1.25 | 1.00 | 0.63 | 0.34 |
| 0.54 | 1.25 | 2.00 | 0.64 | 0.33 |
| 0.54 | 1.25 | 3.00 | 0.65 | 0.32 |
| 0.54 | 1.25 | 4.00 | 0.65 | 0.32 |
| 0.54 | 1.30 | 1.00 | 0.65 | 0.31 |
| 0.54 | 1.30 | 2.00 | 0.65 | 0.31 |
| 0.54 | 1.30 | 3.00 | 0.66 | 0.30 |
| 0.54 | 1.30 | 4.00 | 0.66 | 0.29 |
| 0.55 | 1.05 | 1.00 | 0.42 | 0.57 |
| 0.55 | 1.05 | 2.00 | 0.46 | 0.51 |
| 0.55 | 1.05 | 3.00 | 0.49 | 0.47 |
| 0.55 | 1.05 | 4.00 | 0.52 | 0.44 |
| 0.55 | 1.10 | 1.00 | 0.52 | 0.44 |
| 0.55 | 1.10 | 2.00 | 0.53 | 0.43 |
| 0.55 | 1.10 | 3.00 | 0.55 | 0.41 |
| 0.55 | 1.10 | 4.00 | 0.56 | 0.39 |
| 0.55 | 1.15 | 1.00 | 0.57 | 0.39 |
| 0.55 | 1.15 | 2.00 | 0.57 | 0.38 |
| 0.55 | 1.15 | 3.00 | 0.58 | 0.37 |
| 0.55 | 1.15 | 4.00 | 0.59 | 0.36 |
| 0.55 | 1.20 | 1.00 | 0.59 | 0.36 |
| 0.55 | 1.20 | 2.00 | 0.60 | 0.35 |
| 0.55 | 1.20 | 3.00 | 0.61 | 0.34 |
| 0.55 | 1.20 | 4.00 | 0.62 | 0.33 |
| 0.55 | 1.25 | 1.00 | 0.62 | 0.33 |
| 0.55 | 1.25 | 2.00 | 0.63 | 0.33 |
| 0.55 | 1.25 | 3.00 | 0.63 | 0.32 |
| 0.55 | 1.25 | 4.00 | 0.64 | 0.31 |
| 0.55 | 1.30 | 1.00 | 0.64 | 0.31 |
| 0.55 | 1.30 | 2.00 | 0.64 | 0.30 |
| 0.55 | 1.30 | 3.00 | 0.64 | 0.30 |
| 0.55 | 1.30 | 4.00 | 0.64 | 0.29 |
| 0.56 | 1.05 | 1.00 | 0.40 | 0.56 |
| 0.56 | 1.05 | 2.00 | 0.45 | 0.50 |
| 0.56 | 1.05 | 3.00 | 0.48 | 0.46 |
| 0.56 | 1.05 | 4.00 | 0.51 | 0.43 |
| 0.56 | 1.10 | 1.00 | 0.50 | 0.43 |
| 0.56 | 1.10 | 2.00 | 0.52 | 0.42 |
| 0.56 | 1.10 | 3.00 | 0.53 | 0.40 |
| 0.56 | 1.10 | 4.00 | 0.55 | 0.38 |
| 0.56 | 1.15 | 1.00 | 0.55 | 0.38 |
| 0.56 | 1.15 | 2.00 | 0.56 | 0.38 |
| 0.56 | 1.15 | 3.00 | 0.57 | 0.36 |
| 0.56 | 1.15 | 4.00 | 0.58 | 0.35 |
| 0.56 | 1.20 | 1.00 | 0.58 | 0.35 |
| 0.56 | 1.20 | 2.00 | 0.59 | 0.35 |
| 0.56 | 1.20 | 3.00 | 0.59 | 0.34 |
| 0.56 | 1.20 | 4.00 | 0.60 | 0.33 |
| 0.56 | 1.25 | 1.00 | 0.60 | 0.33 |
| 0.56 | 1.25 | 2.00 | 0.61 | 0.32 |
| 0.56 | 1.25 | 3.00 | 0.61 | 0.31 |
| 0.56 | 1.25 | 4.00 | 0.62 | 0.30 |
| 0.56 | 1.30 | 1.00 | 0.62 | 0.30 |
| 0.56 | 1.30 | 2.00 | 0.62 | 0.30 |
| 0.56 | 1.30 | 3.00 | 0.62 | 0.29 |
| 0.56 | 1.30 | 4.00 | 0.63 | 0.28 |
| 0.57 | 1.05 | 1.00 | 0.38 | 0.55 |
| 0.57 | 1.05 | 2.00 | 0.43 | 0.49 |
| 0.57 | 1.05 | 3.00 | 0.46 | 0.45 |
| 0.57 | 1.05 | 4.00 | 0.49 | 0.42 |
| 0.57 | 1.10 | 1.00 | 0.49 | 0.43 |
| 0.57 | 1.10 | 2.00 | 0.50 | 0.41 |
| 0.57 | 1.10 | 3.00 | 0.52 | 0.39 |
| 0.57 | 1.10 | 4.00 | 0.53 | 0.37 |
| 0.57 | 1.15 | 1.00 | 0.53 | 0.38 |
| 0.57 | 1.15 | 2.00 | 0.54 | 0.37 |
| 0.57 | 1.15 | 3.00 | 0.55 | 0.36 |
| 0.57 | 1.15 | 4.00 | 0.55 | 0.34 |
| 0.57 | 1.20 | 1.00 | 0.56 | 0.34 |
| 0.57 | 1.20 | 2.00 | 0.56 | 0.34 |
| 0.57 | 1.20 | 3.00 | 0.57 | 0.33 |
| 0.57 | 1.20 | 4.00 | 0.58 | 0.32 |
| 0.57 | 1.25 | 1.00 | 0.58 | 0.32 |
| 0.57 | 1.25 | 2.00 | 0.59 | 0.31 |
| 0.57 | 1.25 | 3.00 | 0.59 | 0.31 |
| 0.57 | 1.25 | 4.00 | 0.60 | 0.30 |
| 0.57 | 1.30 | 1.00 | 0.60 | 0.30 |
| 0.57 | 1.30 | 2.00 | 0.60 | 0.29 |
| 0.57 | 1.30 | 3.00 | 0.60 | 0.28 |
| 0.57 | 1.30 | 4.00 | 0.61 | 0.28 |
| 0.58 | 1.05 | 1.00 | 0.38 | 0.54 |
| 0.58 | 1.05 | 2.00 | 0.42 | 0.49 |
| 0.58 | 1.05 | 3.00 | 0.45 | 0.44 |
| 0.58 | 1.05 | 4.00 | 0.48 | 0.42 |
| 0.58 | 1.10 | 1.00 | 0.47 | 0.42 |
| 0.58 | 1.10 | 2.00 | 0.49 | 0.40 |
| 0.58 | 1.10 | 3.00 | 0.50 | 0.39 |
| 0.58 | 1.10 | 4.00 | 0.51 | 0.37 |
| 0.58 | 1.15 | 1.00 | 0.51 | 0.37 |
| 0.58 | 1.15 | 2.00 | 0.52 | 0.36 |
| 0.58 | 1.15 | 3.00 | 0.53 | 0.35 |
| 0.58 | 1.15 | 4.00 | 0.53 | 0.33 |
| 0.58 | 1.20 | 1.00 | 0.53 | 0.33 |
| 0.58 | 1.20 | 2.00 | 0.54 | 0.33 |
| 0.58 | 1.20 | 3.00 | 0.55 | 0.32 |
| 0.58 | 1.20 | 4.00 | 0.56 | 0.31 |
| 0.58 | 1.25 | 1.00 | 0.56 | 0.31 |
| 0.58 | 1.25 | 2.00 | 0.56 | 0.30 |
| 0.58 | 1.25 | 3.00 | 0.57 | 0.30 |
| 0.58 | 1.25 | 4.00 | 0.57 | 0.29 |
| 0.58 | 1.30 | 1.00 | 0.57 | 0.29 |
| 0.58 | 1.30 | 2.00 | 0.57 | 0.28 |
| 0.58 | 1.30 | 3.00 | 0.58 | 0.28 |
| 0.58 | 1.30 | 4.00 | 0.58 | 0.27 |
| 0.59 | 1.05 | 1.00 | 0.36 | 0.53 |
| 0.59 | 1.05 | 2.00 | 0.40 | 0.47 |
| 0.59 | 1.05 | 3.00 | 0.43 | 0.43 |
| 0.59 | 1.05 | 4.00 | 0.45 | 0.40 |
| 0.59 | 1.10 | 1.00 | 0.45 | 0.41 |
| 0.59 | 1.10 | 2.00 | 0.47 | 0.39 |
| 0.59 | 1.10 | 3.00 | 0.48 | 0.38 |
| 0.59 | 1.10 | 4.00 | 0.49 | 0.36 |
| 0.59 | 1.15 | 1.00 | 0.49 | 0.36 |
| 0.59 | 1.15 | 2.00 | 0.50 | 0.35 |
| 0.59 | 1.15 | 3.00 | 0.51 | 0.34 |
| 0.59 | 1.15 | 4.00 | 0.52 | 0.33 |
| 0.59 | 1.20 | 1.00 | 0.52 | 0.33 |
| 0.59 | 1.20 | 2.00 | 0.52 | 0.32 |
| 0.59 | 1.20 | 3.00 | 0.53 | 0.31 |
| 0.59 | 1.20 | 4.00 | 0.54 | 0.30 |
| 0.59 | 1.25 | 1.00 | 0.54 | 0.30 |
| 0.59 | 1.25 | 2.00 | 0.54 | 0.30 |
| 0.59 | 1.25 | 3.00 | 0.55 | 0.29 |
| 0.59 | 1.25 | 4.00 | 0.55 | 0.28 |
| 0.59 | 1.30 | 1.00 | 0.55 | 0.28 |
| 0.59 | 1.30 | 2.00 | 0.55 | 0.27 |
| 0.59 | 1.30 | 3.00 | 0.56 | 0.27 |
| 0.59 | 1.30 | 4.00 | 0.56 | 0.26 |
| 0.60 | 1.05 | 1.00 | 0.35 | 0.53 |
| 0.60 | 1.05 | 2.00 | 0.39 | 0.47 |
| 0.60 | 1.05 | 3.00 | 0.42 | 0.42 |
| 0.60 | 1.05 | 4.00 | 0.44 | 0.40 |
| 0.60 | 1.10 | 1.00 | 0.44 | 0.40 |
| 0.60 | 1.10 | 2.00 | 0.45 | 0.38 |
| 0.60 | 1.10 | 3.00 | 0.46 | 0.37 |
| 0.60 | 1.10 | 4.00 | 0.47 | 0.35 |
| 0.60 | 1.15 | 1.00 | 0.48 | 0.35 |
| 0.60 | 1.15 | 2.00 | 0.48 | 0.34 |
| 0.60 | 1.15 | 3.00 | 0.49 | 0.33 |
| 0.60 | 1.15 | 4.00 | 0.50 | 0.32 |
| 0.60 | 1.20 | 1.00 | 0.50 | 0.32 |
| 0.60 | 1.20 | 2.00 | 0.50 | 0.31 |
| 0.60 | 1.20 | 3.00 | 0.51 | 0.30 |
| 0.60 | 1.20 | 4.00 | 0.51 | 0.29 |
| 0.60 | 1.25 | 1.00 | 0.51 | 0.29 |
| 0.60 | 1.25 | 2.00 | 0.52 | 0.29 |
| 0.60 | 1.25 | 3.00 | 0.52 | 0.28 |
| 0.60 | 1.25 | 4.00 | 0.53 | 0.27 |
| 0.60 | 1.30 | 1.00 | 0.53 | 0.27 |
| 0.60 | 1.30 | 2.00 | 0.53 | 0.27 |
| 0.60 | 1.30 | 3.00 | 0.53 | 0.26 |
| 0.60 | 1.30 | 4.00 | 0.54 | 0.25 |
| 0.61 | 1.05 | 1.00 | 0.33 | 0.51 |
| 0.61 | 1.05 | 2.00 | 0.37 | 0.46 |
| 0.61 | 1.05 | 3.00 | 0.40 | 0.41 |
| 0.61 | 1.05 | 4.00 | 0.42 | 0.39 |
| 0.61 | 1.10 | 1.00 | 0.42 | 0.39 |
| 0.61 | 1.10 | 2.00 | 0.43 | 0.37 |
| 0.61 | 1.10 | 3.00 | 0.44 | 0.36 |
| 0.61 | 1.10 | 4.00 | 0.45 | 0.34 |
| 0.61 | 1.15 | 1.00 | 0.45 | 0.34 |
| 0.61 | 1.15 | 2.00 | 0.46 | 0.33 |
| 0.61 | 1.15 | 3.00 | 0.47 | 0.32 |
| 0.61 | 1.15 | 4.00 | 0.47 | 0.31 |
| 0.61 | 1.20 | 1.00 | 0.47 | 0.31 |
| 0.61 | 1.20 | 2.00 | 0.48 | 0.30 |
| 0.61 | 1.20 | 3.00 | 0.49 | 0.29 |
| 0.61 | 1.20 | 4.00 | 0.49 | 0.28 |
| 0.61 | 1.25 | 1.00 | 0.49 | 0.28 |
| 0.61 | 1.25 | 2.00 | 0.50 | 0.28 |
| 0.61 | 1.25 | 3.00 | 0.50 | 0.27 |
| 0.61 | 1.25 | 4.00 | 0.51 | 0.26 |
| 0.61 | 1.30 | 1.00 | 0.51 | 0.26 |
| 0.61 | 1.30 | 2.00 | 0.51 | 0.26 |
| 0.61 | 1.30 | 3.00 | 0.51 | 0.25 |
| 0.61 | 1.30 | 4.00 | 0.52 | 0.25 |
| 0.62 | 1.05 | 1.00 | 0.32 | 0.51 |
| 0.62 | 1.05 | 2.00 | 0.36 | 0.45 |
| 0.62 | 1.05 | 3.00 | 0.38 | 0.40 |
| 0.62 | 1.05 | 4.00 | 0.40 | 0.38 |
| 0.62 | 1.10 | 1.00 | 0.40 | 0.38 |
| 0.62 | 1.10 | 2.00 | 0.41 | 0.36 |
| 0.62 | 1.10 | 3.00 | 0.42 | 0.35 |
| 0.62 | 1.10 | 4.00 | 0.43 | 0.33 |
| 0.62 | 1.15 | 1.00 | 0.43 | 0.33 |
| 0.62 | 1.15 | 2.00 | 0.44 | 0.32 |
| 0.62 | 1.15 | 3.00 | 0.44 | 0.31 |
| 0.62 | 1.15 | 4.00 | 0.45 | 0.30 |
| 0.62 | 1.20 | 1.00 | 0.45 | 0.30 |
| 0.62 | 1.20 | 2.00 | 0.46 | 0.29 |
| 0.62 | 1.20 | 3.00 | 0.46 | 0.28 |
| 0.62 | 1.20 | 4.00 | 0.47 | 0.27 |
| 0.62 | 1.25 | 1.00 | 0.47 | 0.27 |
| 0.62 | 1.25 | 2.00 | 0.47 | 0.27 |
| 0.62 | 1.25 | 3.00 | 0.48 | 0.26 |
| 0.62 | 1.25 | 4.00 | 0.48 | 0.25 |
| 0.62 | 1.30 | 1.00 | 0.48 | 0.25 |
| 0.62 | 1.30 | 2.00 | 0.48 | 0.25 |
| 0.62 | 1.30 | 3.00 | 0.49 | 0.24 |
| 0.62 | 1.30 | 4.00 | 0.49 | 0.23 |
| 0.63 | 1.05 | 1.00 | 0.31 | 0.50 |
| 0.63 | 1.05 | 2.00 | 0.35 | 0.44 |
| 0.63 | 1.05 | 3.00 | 0.36 | 0.39 |
| 0.63 | 1.05 | 4.00 | 0.38 | 0.36 |
| 0.63 | 1.10 | 1.00 | 0.38 | 0.37 |
| 0.63 | 1.10 | 2.00 | 0.40 | 0.35 |
| 0.63 | 1.10 | 3.00 | 0.41 | 0.34 |
| 0.63 | 1.10 | 4.00 | 0.42 | 0.32 |
| 0.63 | 1.15 | 1.00 | 0.42 | 0.32 |
| 0.63 | 1.15 | 2.00 | 0.42 | 0.31 |
| 0.63 | 1.15 | 3.00 | 0.43 | 0.30 |
| 0.63 | 1.15 | 4.00 | 0.43 | 0.29 |
| 0.63 | 1.20 | 1.00 | 0.43 | 0.29 |
| 0.63 | 1.20 | 2.00 | 0.44 | 0.28 |
| 0.63 | 1.20 | 3.00 | 0.45 | 0.28 |
| 0.63 | 1.20 | 4.00 | 0.45 | 0.27 |
| 0.63 | 1.25 | 1.00 | 0.45 | 0.27 |
| 0.63 | 1.25 | 2.00 | 0.46 | 0.26 |
| 0.63 | 1.25 | 3.00 | 0.46 | 0.25 |
| 0.63 | 1.25 | 4.00 | 0.46 | 0.25 |
| 0.63 | 1.30 | 1.00 | 0.46 | 0.25 |
| 0.63 | 1.30 | 2.00 | 0.46 | 0.24 |
| 0.63 | 1.30 | 3.00 | 0.47 | 0.23 |
| 0.63 | 1.30 | 4.00 | 0.47 | 0.23 |
| 0.64 | 1.05 | 1.00 | 0.30 | 0.49 |
| 0.64 | 1.05 | 2.00 | 0.33 | 0.43 |
| 0.64 | 1.05 | 3.00 | 0.35 | 0.38 |
| 0.64 | 1.05 | 4.00 | 0.37 | 0.35 |
| 0.64 | 1.10 | 1.00 | 0.36 | 0.36 |
| 0.64 | 1.10 | 2.00 | 0.38 | 0.34 |
| 0.64 | 1.10 | 3.00 | 0.39 | 0.33 |
| 0.64 | 1.10 | 4.00 | 0.39 | 0.31 |
| 0.64 | 1.15 | 1.00 | 0.40 | 0.31 |
| 0.64 | 1.15 | 2.00 | 0.40 | 0.30 |
| 0.64 | 1.15 | 3.00 | 0.41 | 0.29 |
| 0.64 | 1.15 | 4.00 | 0.41 | 0.28 |
| 0.64 | 1.20 | 1.00 | 0.41 | 0.28 |
| 0.64 | 1.20 | 2.00 | 0.41 | 0.27 |
| 0.64 | 1.20 | 3.00 | 0.42 | 0.26 |
| 0.64 | 1.20 | 4.00 | 0.42 | 0.25 |
| 0.64 | 1.25 | 1.00 | 0.43 | 0.25 |
| 0.64 | 1.25 | 2.00 | 0.43 | 0.25 |
| 0.64 | 1.25 | 3.00 | 0.43 | 0.24 |
| 0.64 | 1.25 | 4.00 | 0.44 | 0.24 |
| 0.64 | 1.30 | 1.00 | 0.44 | 0.23 |
| 0.64 | 1.30 | 2.00 | 0.44 | 0.23 |
| 0.64 | 1.30 | 3.00 | 0.44 | 0.22 |
| 0.64 | 1.30 | 4.00 | 0.44 | 0.22 |
| 0.65 | 1.05 | 1.00 | 0.27 | 0.46 |
| 0.65 | 1.05 | 2.00 | 0.30 | 0.40 |
| 0.65 | 1.05 | 3.00 | 0.31 | 0.36 |
| 0.65 | 1.05 | 4.00 | 0.33 | 0.33 |
| 0.65 | 1.10 | 1.00 | 0.33 | 0.34 |
| 0.65 | 1.10 | 2.00 | 0.35 | 0.32 |
| 0.65 | 1.10 | 3.00 | 0.36 | 0.31 |
| 0.65 | 1.10 | 4.00 | 0.37 | 0.30 |
| 0.65 | 1.15 | 1.00 | 0.37 | 0.30 |
| 0.65 | 1.15 | 2.00 | 0.37 | 0.29 |
| 0.65 | 1.15 | 3.00 | 0.38 | 0.28 |
| 0.65 | 1.15 | 4.00 | 0.38 | 0.27 |
| 0.65 | 1.20 | 1.00 | 0.38 | 0.26 |
| 0.65 | 1.20 | 2.00 | 0.39 | 0.26 |
| 0.65 | 1.20 | 3.00 | 0.39 | 0.25 |
| 0.65 | 1.20 | 4.00 | 0.39 | 0.24 |
| 0.65 | 1.25 | 1.00 | 0.40 | 0.24 |
| 0.65 | 1.25 | 2.00 | 0.40 | 0.24 |
| 0.65 | 1.25 | 3.00 | 0.41 | 0.23 |
| 0.65 | 1.25 | 4.00 | 0.41 | 0.22 |
| 0.65 | 1.30 | 1.00 | 0.41 | 0.22 |
| 0.65 | 1.30 | 2.00 | 0.41 | 0.22 |
| 0.65 | 1.30 | 3.00 | 0.41 | 0.21 |
| 0.65 | 1.30 | 4.00 | 0.42 | 0.21 |
| 0.66 | 1.05 | 1.00 | 0.26 | 0.45 |
| 0.66 | 1.05 | 2.00 | 0.29 | 0.39 |
| 0.66 | 1.05 | 3.00 | 0.30 | 0.35 |
| 0.66 | 1.05 | 4.00 | 0.32 | 0.32 |
| 0.66 | 1.10 | 1.00 | 0.32 | 0.33 |
| 0.66 | 1.10 | 2.00 | 0.33 | 0.32 |
| 0.66 | 1.10 | 3.00 | 0.35 | 0.30 |
| 0.66 | 1.10 | 4.00 | 0.36 | 0.29 |
| 0.66 | 1.15 | 1.00 | 0.36 | 0.29 |
| 0.66 | 1.15 | 2.00 | 0.36 | 0.28 |
| 0.66 | 1.15 | 3.00 | 0.37 | 0.27 |
| 0.66 | 1.15 | 4.00 | 0.37 | 0.26 |
| 0.66 | 1.20 | 1.00 | 0.37 | 0.26 |
| 0.66 | 1.20 | 2.00 | 0.38 | 0.25 |
| 0.66 | 1.20 | 3.00 | 0.38 | 0.24 |
| 0.66 | 1.20 | 4.00 | 0.38 | 0.24 |
| 0.66 | 1.25 | 1.00 | 0.39 | 0.24 |
| 0.66 | 1.25 | 2.00 | 0.39 | 0.23 |
| 0.66 | 1.25 | 3.00 | 0.39 | 0.23 |
| 0.66 | 1.25 | 4.00 | 0.40 | 0.22 |
| 0.66 | 1.30 | 1.00 | 0.40 | 0.22 |
| 0.66 | 1.30 | 2.00 | 0.40 | 0.21 |
| 0.66 | 1.30 | 3.00 | 0.40 | 0.21 |
| 0.66 | 1.30 | 4.00 | 0.40 | 0.20 |
| 0.67 | 1.05 | 1.00 | 0.25 | 0.44 |
| 0.67 | 1.05 | 2.00 | 0.28 | 0.38 |
| 0.67 | 1.05 | 3.00 | 0.29 | 0.34 |
| 0.67 | 1.05 | 4.00 | 0.31 | 0.32 |
| 0.67 | 1.10 | 1.00 | 0.31 | 0.32 |
| 0.67 | 1.10 | 2.00 | 0.32 | 0.31 |
| 0.67 | 1.10 | 3.00 | 0.33 | 0.29 |
| 0.67 | 1.10 | 4.00 | 0.34 | 0.28 |
| 0.67 | 1.15 | 1.00 | 0.34 | 0.28 |
| 0.67 | 1.15 | 2.00 | 0.34 | 0.27 |
| 0.67 | 1.15 | 3.00 | 0.35 | 0.26 |
| 0.67 | 1.15 | 4.00 | 0.35 | 0.25 |
| 0.67 | 1.20 | 1.00 | 0.35 | 0.25 |
| 0.67 | 1.20 | 2.00 | 0.36 | 0.24 |
| 0.67 | 1.20 | 3.00 | 0.36 | 0.24 |
| 0.67 | 1.20 | 4.00 | 0.36 | 0.23 |
| 0.67 | 1.25 | 1.00 | 0.37 | 0.23 |
| 0.67 | 1.25 | 2.00 | 0.37 | 0.22 |
| 0.67 | 1.25 | 3.00 | 0.37 | 0.22 |
| 0.67 | 1.25 | 4.00 | 0.38 | 0.21 |
| 0.67 | 1.30 | 1.00 | 0.38 | 0.21 |
| 0.67 | 1.30 | 2.00 | 0.38 | 0.20 |
| 0.67 | 1.30 | 3.00 | 0.38 | 0.20 |
| 0.67 | 1.30 | 4.00 | 0.38 | 0.19 |
| 0.68 | 1.05 | 1.00 | 0.24 | 0.43 |
| 0.68 | 1.05 | 2.00 | 0.27 | 0.38 |
| 0.68 | 1.05 | 3.00 | 0.28 | 0.33 |
| 0.68 | 1.05 | 4.00 | 0.30 | 0.31 |
| 0.68 | 1.10 | 1.00 | 0.30 | 0.31 |
| 0.68 | 1.10 | 2.00 | 0.30 | 0.29 |
| 0.68 | 1.10 | 3.00 | 0.31 | 0.28 |
| 0.68 | 1.10 | 4.00 | 0.32 | 0.26 |
| 0.68 | 1.15 | 1.00 | 0.32 | 0.26 |
| 0.68 | 1.15 | 2.00 | 0.32 | 0.26 |
| 0.68 | 1.15 | 3.00 | 0.32 | 0.25 |
| 0.68 | 1.15 | 4.00 | 0.33 | 0.24 |
| 0.68 | 1.20 | 1.00 | 0.33 | 0.23 |
| 0.68 | 1.20 | 2.00 | 0.33 | 0.23 |
| 0.68 | 1.20 | 3.00 | 0.33 | 0.22 |
| 0.68 | 1.20 | 4.00 | 0.34 | 0.21 |
| 0.68 | 1.25 | 1.00 | 0.34 | 0.21 |
| 0.68 | 1.25 | 2.00 | 0.34 | 0.21 |
| 0.68 | 1.25 | 3.00 | 0.35 | 0.20 |
| 0.68 | 1.25 | 4.00 | 0.35 | 0.20 |
| 0.68 | 1.30 | 1.00 | 0.35 | 0.20 |
| 0.68 | 1.30 | 2.00 | 0.35 | 0.19 |
| 0.68 | 1.30 | 3.00 | 0.35 | 0.19 |
| 0.68 | 1.30 | 4.00 | 0.35 | 0.18 |
| 0.69 | 1.05 | 1.00 | 0.23 | 0.42 |
| 0.69 | 1.05 | 2.00 | 0.26 | 0.37 |
| 0.69 | 1.05 | 3.00 | 0.27 | 0.33 |
| 0.69 | 1.05 | 4.00 | 0.29 | 0.30 |
| 0.69 | 1.10 | 1.00 | 0.28 | 0.30 |
| 0.69 | 1.10 | 2.00 | 0.29 | 0.29 |
| 0.69 | 1.10 | 3.00 | 0.30 | 0.27 |
| 0.69 | 1.10 | 4.00 | 0.30 | 0.26 |
| 0.69 | 1.15 | 1.00 | 0.30 | 0.26 |
| 0.69 | 1.15 | 2.00 | 0.31 | 0.25 |
| 0.69 | 1.15 | 3.00 | 0.31 | 0.24 |
| 0.69 | 1.15 | 4.00 | 0.31 | 0.23 |
| 0.69 | 1.20 | 1.00 | 0.31 | 0.23 |
| 0.69 | 1.20 | 2.00 | 0.31 | 0.22 |
| 0.69 | 1.20 | 3.00 | 0.32 | 0.21 |
| 0.69 | 1.20 | 4.00 | 0.32 | 0.21 |
| 0.69 | 1.25 | 1.00 | 0.32 | 0.21 |
| 0.69 | 1.25 | 2.00 | 0.33 | 0.20 |
| 0.69 | 1.25 | 3.00 | 0.33 | 0.20 |
| 0.69 | 1.25 | 4.00 | 0.33 | 0.19 |
| 0.69 | 1.30 | 1.00 | 0.33 | 0.19 |
| 0.69 | 1.30 | 2.00 | 0.33 | 0.18 |
| 0.69 | 1.30 | 3.00 | 0.33 | 0.18 |
| 0.69 | 1.30 | 4.00 | 0.33 | 0.17 |
| 0.70 | 1.05 | 1.00 | 0.22 | 0.41 |
| 0.70 | 1.05 | 2.00 | 0.25 | 0.36 |
| 0.70 | 1.05 | 3.00 | 0.26 | 0.32 |
| 0.70 | 1.05 | 4.00 | 0.28 | 0.29 |
| 0.70 | 1.10 | 1.00 | 0.28 | 0.30 |
| 0.70 | 1.10 | 2.00 | 0.28 | 0.28 |
| 0.70 | 1.10 | 3.00 | 0.29 | 0.27 |
| 0.70 | 1.10 | 4.00 | 0.30 | 0.25 |
| 0.70 | 1.15 | 1.00 | 0.29 | 0.25 |
| 0.70 | 1.15 | 2.00 | 0.29 | 0.24 |
| 0.70 | 1.15 | 3.00 | 0.30 | 0.23 |
| 0.70 | 1.15 | 4.00 | 0.30 | 0.22 |
| 0.70 | 1.20 | 1.00 | 0.30 | 0.22 |
| 0.70 | 1.20 | 2.00 | 0.30 | 0.21 |
| 0.70 | 1.20 | 3.00 | 0.30 | 0.20 |
| 0.70 | 1.20 | 4.00 | 0.30 | 0.20 |
| 0.70 | 1.25 | 1.00 | 0.31 | 0.20 |
| 0.70 | 1.25 | 2.00 | 0.31 | 0.19 |
| 0.70 | 1.25 | 3.00 | 0.31 | 0.19 |
| 0.70 | 1.25 | 4.00 | 0.32 | 0.18 |
| 0.70 | 1.30 | 1.00 | 0.31 | 0.18 |
| 0.70 | 1.30 | 2.00 | 0.31 | 0.18 |
| 0.70 | 1.30 | 3.00 | 0.31 | 0.17 |
| 0.70 | 1.30 | 4.00 | 0.31 | 0.16 |
| 0.71 | 1.05 | 1.00 | 0.21 | 0.40 |
| 0.71 | 1.05 | 2.00 | 0.24 | 0.35 |
| 0.71 | 1.05 | 3.00 | 0.25 | 0.30 |
| 0.71 | 1.05 | 4.00 | 0.26 | 0.28 |
| 0.71 | 1.10 | 1.00 | 0.26 | 0.28 |
| 0.71 | 1.10 | 2.00 | 0.26 | 0.27 |
| 0.71 | 1.10 | 3.00 | 0.27 | 0.25 |
| 0.71 | 1.10 | 4.00 | 0.27 | 0.24 |
| 0.71 | 1.15 | 1.00 | 0.27 | 0.24 |
| 0.71 | 1.15 | 2.00 | 0.27 | 0.23 |
| 0.71 | 1.15 | 3.00 | 0.27 | 0.22 |
| 0.71 | 1.15 | 4.00 | 0.28 | 0.21 |
| 0.71 | 1.20 | 1.00 | 0.27 | 0.20 |
| 0.71 | 1.20 | 2.00 | 0.28 | 0.20 |
| 0.71 | 1.20 | 3.00 | 0.28 | 0.19 |
| 0.71 | 1.20 | 4.00 | 0.28 | 0.19 |
| 0.71 | 1.25 | 1.00 | 0.28 | 0.19 |
| 0.71 | 1.25 | 2.00 | 0.29 | 0.18 |
| 0.71 | 1.25 | 3.00 | 0.29 | 0.18 |
| 0.71 | 1.25 | 4.00 | 0.29 | 0.17 |
| 0.71 | 1.30 | 1.00 | 0.29 | 0.17 |
| 0.71 | 1.30 | 2.00 | 0.29 | 0.17 |
| 0.71 | 1.30 | 3.00 | 0.29 | 0.16 |
| 0.71 | 1.30 | 4.00 | 0.29 | 0.15 |
| 0.72 | 1.05 | 1.00 | 0.20 | 0.38 |
| 0.72 | 1.05 | 2.00 | 0.22 | 0.33 |
| 0.72 | 1.05 | 3.00 | 0.23 | 0.29 |
| 0.72 | 1.05 | 4.00 | 0.24 | 0.26 |
| 0.72 | 1.10 | 1.00 | 0.24 | 0.27 |
| 0.72 | 1.10 | 2.00 | 0.24 | 0.25 |
| 0.72 | 1.10 | 3.00 | 0.25 | 0.24 |
| 0.72 | 1.10 | 4.00 | 0.25 | 0.22 |
| 0.72 | 1.15 | 1.00 | 0.25 | 0.22 |
| 0.72 | 1.15 | 2.00 | 0.25 | 0.21 |
| 0.72 | 1.15 | 3.00 | 0.25 | 0.20 |
| 0.72 | 1.15 | 4.00 | 0.25 | 0.19 |
| 0.72 | 1.20 | 1.00 | 0.25 | 0.19 |
| 0.72 | 1.20 | 2.00 | 0.26 | 0.19 |
| 0.72 | 1.20 | 3.00 | 0.26 | 0.18 |
| 0.72 | 1.20 | 4.00 | 0.26 | 0.17 |
| 0.72 | 1.25 | 1.00 | 0.26 | 0.17 |
| 0.72 | 1.25 | 2.00 | 0.27 | 0.17 |
| 0.72 | 1.25 | 3.00 | 0.27 | 0.16 |
| 0.72 | 1.25 | 4.00 | 0.27 | 0.16 |
| 0.72 | 1.30 | 1.00 | 0.27 | 0.16 |
| 0.72 | 1.30 | 2.00 | 0.27 | 0.15 |
| 0.72 | 1.30 | 3.00 | 0.27 | 0.15 |
| 0.72 | 1.30 | 4.00 | 0.27 | 0.14 |
| 0.73 | 1.05 | 1.00 | 0.17 | 0.35 |
| 0.73 | 1.05 | 2.00 | 0.19 | 0.29 |
| 0.73 | 1.05 | 3.00 | 0.19 | 0.25 |
| 0.73 | 1.05 | 4.00 | 0.20 | 0.23 |
| 0.73 | 1.10 | 1.00 | 0.20 | 0.23 |
| 0.73 | 1.10 | 2.00 | 0.21 | 0.22 |
| 0.73 | 1.10 | 3.00 | 0.21 | 0.21 |
| 0.73 | 1.10 | 4.00 | 0.22 | 0.20 |
| 0.73 | 1.15 | 1.00 | 0.22 | 0.20 |
| 0.73 | 1.15 | 2.00 | 0.22 | 0.19 |
| 0.73 | 1.15 | 3.00 | 0.22 | 0.18 |
| 0.73 | 1.15 | 4.00 | 0.22 | 0.18 |
| 0.73 | 1.20 | 1.00 | 0.22 | 0.17 |
| 0.73 | 1.20 | 2.00 | 0.23 | 0.17 |
| 0.73 | 1.20 | 3.00 | 0.23 | 0.16 |
| 0.73 | 1.20 | 4.00 | 0.23 | 0.16 |
| 0.73 | 1.25 | 1.00 | 0.23 | 0.16 |
| 0.73 | 1.25 | 2.00 | 0.23 | 0.15 |
| 0.73 | 1.25 | 3.00 | 0.24 | 0.15 |
| 0.73 | 1.25 | 4.00 | 0.24 | 0.14 |
| 0.73 | 1.30 | 1.00 | 0.24 | 0.14 |
| 0.73 | 1.30 | 2.00 | 0.24 | 0.14 |
| 0.73 | 1.30 | 3.00 | 0.24 | 0.13 |
| 0.73 | 1.30 | 4.00 | 0.24 | 0.13 |
| 0.74 | 1.05 | 1.00 | 0.15 | 0.32 |
| 0.74 | 1.05 | 2.00 | 0.16 | 0.26 |
| 0.74 | 1.05 | 3.00 | 0.16 | 0.23 |
| 0.74 | 1.05 | 4.00 | 0.17 | 0.21 |
| 0.74 | 1.10 | 1.00 | 0.17 | 0.21 |
| 0.74 | 1.10 | 2.00 | 0.18 | 0.20 |
| 0.74 | 1.10 | 3.00 | 0.18 | 0.18 |
| 0.74 | 1.10 | 4.00 | 0.18 | 0.17 |
| 0.74 | 1.15 | 1.00 | 0.19 | 0.17 |
| 0.74 | 1.15 | 2.00 | 0.19 | 0.17 |
| 0.74 | 1.15 | 3.00 | 0.19 | 0.16 |
| 0.74 | 1.15 | 4.00 | 0.19 | 0.16 |
| 0.74 | 1.20 | 1.00 | 0.19 | 0.15 |
| 0.74 | 1.20 | 2.00 | 0.20 | 0.15 |
| 0.74 | 1.20 | 3.00 | 0.20 | 0.15 |
| 0.74 | 1.20 | 4.00 | 0.20 | 0.14 |
| 0.74 | 1.25 | 1.00 | 0.20 | 0.14 |
| 0.74 | 1.25 | 2.00 | 0.21 | 0.14 |
| 0.74 | 1.25 | 3.00 | 0.21 | 0.13 |
| 0.74 | 1.25 | 4.00 | 0.21 | 0.13 |
| 0.74 | 1.30 | 1.00 | 0.21 | 0.13 |
| 0.74 | 1.30 | 2.00 | 0.21 | 0.12 |
| 0.74 | 1.30 | 3.00 | 0.21 | 0.12 |
| 0.74 | 1.30 | 4.00 | 0.21 | 0.12 |
| 0.75 | 1.05 | 1.00 | 0.14 | 0.30 |
| 0.75 | 1.05 | 2.00 | 0.15 | 0.25 |
| 0.75 | 1.05 | 3.00 | 0.15 | 0.21 |
| 0.75 | 1.05 | 4.00 | 0.16 | 0.19 |
| 0.75 | 1.10 | 1.00 | 0.16 | 0.19 |
| 0.75 | 1.10 | 2.00 | 0.16 | 0.18 |
| 0.75 | 1.10 | 3.00 | 0.16 | 0.17 |
| 0.75 | 1.10 | 4.00 | 0.16 | 0.16 |
| 0.75 | 1.15 | 1.00 | 0.16 | 0.16 |
| 0.75 | 1.15 | 2.00 | 0.16 | 0.15 |
| 0.75 | 1.15 | 3.00 | 0.17 | 0.14 |
| 0.75 | 1.15 | 4.00 | 0.17 | 0.14 |
| 0.75 | 1.20 | 1.00 | 0.17 | 0.14 |
| 0.75 | 1.20 | 2.00 | 0.17 | 0.13 |
| 0.75 | 1.20 | 3.00 | 0.18 | 0.13 |
| 0.75 | 1.20 | 4.00 | 0.18 | 0.13 |
| 0.75 | 1.25 | 1.00 | 0.18 | 0.13 |
| 0.75 | 1.25 | 2.00 | 0.18 | 0.12 |
| 0.75 | 1.25 | 3.00 | 0.18 | 0.12 |
| 0.75 | 1.25 | 4.00 | 0.18 | 0.12 |
| 0.75 | 1.30 | 1.00 | 0.18 | 0.11 |
| 0.75 | 1.30 | 2.00 | 0.19 | 0.11 |
| 0.75 | 1.30 | 3.00 | 0.19 | 0.11 |
| 0.75 | 1.30 | 4.00 | 0.19 | 0.11 |
| 0.76 | 1.05 | 1.00 | 0.12 | 0.28 |
| 0.76 | 1.05 | 2.00 | 0.13 | 0.23 |
| 0.76 | 1.05 | 3.00 | 0.13 | 0.19 |
| 0.76 | 1.05 | 4.00 | 0.14 | 0.17 |
| 0.76 | 1.10 | 1.00 | 0.14 | 0.17 |
| 0.76 | 1.10 | 2.00 | 0.14 | 0.16 |
| 0.76 | 1.10 | 3.00 | 0.14 | 0.15 |
| 0.76 | 1.10 | 4.00 | 0.14 | 0.14 |
| 0.76 | 1.15 | 1.00 | 0.15 | 0.14 |
| 0.76 | 1.15 | 2.00 | 0.15 | 0.14 |
| 0.76 | 1.15 | 3.00 | 0.15 | 0.13 |
| 0.76 | 1.15 | 4.00 | 0.15 | 0.12 |
| 0.76 | 1.20 | 1.00 | 0.15 | 0.12 |
| 0.76 | 1.20 | 2.00 | 0.15 | 0.12 |
| 0.76 | 1.20 | 3.00 | 0.15 | 0.12 |
| 0.76 | 1.20 | 4.00 | 0.16 | 0.11 |
| 0.76 | 1.25 | 1.00 | 0.16 | 0.11 |
| 0.76 | 1.25 | 2.00 | 0.16 | 0.11 |
| 0.76 | 1.25 | 3.00 | 0.16 | 0.11 |
| 0.76 | 1.25 | 4.00 | 0.16 | 0.10 |
| 0.76 | 1.30 | 1.00 | 0.16 | 0.10 |
| 0.76 | 1.30 | 2.00 | 0.16 | 0.10 |
| 0.76 | 1.30 | 3.00 | 0.16 | 0.10 |
| 0.76 | 1.30 | 4.00 | 0.16 | 0.09 |
| 0.77 | 1.05 | 1.00 | 0.11 | 0.26 |
| 0.77 | 1.05 | 2.00 | 0.12 | 0.21 |
| 0.77 | 1.05 | 3.00 | 0.12 | 0.18 |
| 0.77 | 1.05 | 4.00 | 0.13 | 0.16 |
| 0.77 | 1.10 | 1.00 | 0.12 | 0.16 |
| 0.77 | 1.10 | 2.00 | 0.13 | 0.15 |
| 0.77 | 1.10 | 3.00 | 0.13 | 0.14 |
| 0.77 | 1.10 | 4.00 | 0.13 | 0.13 |
| 0.77 | 1.15 | 1.00 | 0.13 | 0.13 |
| 0.77 | 1.15 | 2.00 | 0.13 | 0.12 |
| 0.77 | 1.15 | 3.00 | 0.13 | 0.12 |
| 0.77 | 1.15 | 4.00 | 0.13 | 0.11 |
| 0.77 | 1.20 | 1.00 | 0.13 | 0.11 |
| 0.77 | 1.20 | 2.00 | 0.13 | 0.11 |
| 0.77 | 1.20 | 3.00 | 0.14 | 0.10 |
| 0.77 | 1.20 | 4.00 | 0.14 | 0.10 |
| 0.77 | 1.25 | 1.00 | 0.14 | 0.10 |
| 0.77 | 1.25 | 2.00 | 0.14 | 0.10 |
| 0.77 | 1.25 | 3.00 | 0.14 | 0.10 |
| 0.77 | 1.25 | 4.00 | 0.15 | 0.09 |
| 0.77 | 1.30 | 1.00 | 0.15 | 0.09 |
| 0.77 | 1.30 | 2.00 | 0.15 | 0.09 |
| 0.77 | 1.30 | 3.00 | 0.15 | 0.09 |
| 0.77 | 1.30 | 4.00 | 0.15 | 0.09 |
| 0.78 | 1.05 | 1.00 | 0.10 | 0.24 |
| 0.78 | 1.05 | 2.00 | 0.11 | 0.19 |
| 0.78 | 1.05 | 3.00 | 0.11 | 0.16 |
| 0.78 | 1.05 | 4.00 | 0.11 | 0.14 |
| 0.78 | 1.10 | 1.00 | 0.11 | 0.14 |
| 0.78 | 1.10 | 2.00 | 0.11 | 0.13 |
| 0.78 | 1.10 | 3.00 | 0.11 | 0.12 |
| 0.78 | 1.10 | 4.00 | 0.11 | 0.11 |
| 0.78 | 1.15 | 1.00 | 0.12 | 0.12 |
| 0.78 | 1.15 | 2.00 | 0.12 | 0.11 |
| 0.78 | 1.15 | 3.00 | 0.12 | 0.11 |
| 0.78 | 1.15 | 4.00 | 0.12 | 0.10 |
| 0.78 | 1.20 | 1.00 | 0.12 | 0.10 |
| 0.78 | 1.20 | 2.00 | 0.12 | 0.10 |
| 0.78 | 1.20 | 3.00 | 0.13 | 0.10 |
| 0.78 | 1.20 | 4.00 | 0.13 | 0.09 |
| 0.78 | 1.25 | 1.00 | 0.13 | 0.09 |
| 0.78 | 1.25 | 2.00 | 0.13 | 0.09 |
| 0.78 | 1.25 | 3.00 | 0.13 | 0.09 |
| 0.78 | 1.25 | 4.00 | 0.13 | 0.08 |
| 0.78 | 1.30 | 1.00 | 0.13 | 0.08 |
| 0.78 | 1.30 | 2.00 | 0.13 | 0.08 |
| 0.78 | 1.30 | 3.00 | 0.13 | 0.08 |
| 0.78 | 1.30 | 4.00 | 0.13 | 0.08 |
| 0.79 | 1.05 | 1.00 | 0.09 | 0.22 |
| 0.79 | 1.05 | 2.00 | 0.09 | 0.17 |
| 0.79 | 1.05 | 3.00 | 0.10 | 0.15 |
| 0.79 | 1.05 | 4.00 | 0.10 | 0.13 |
| 0.79 | 1.10 | 1.00 | 0.10 | 0.13 |
| 0.79 | 1.10 | 2.00 | 0.10 | 0.12 |
| 0.79 | 1.10 | 3.00 | 0.10 | 0.11 |
| 0.79 | 1.10 | 4.00 | 0.10 | 0.10 |
| 0.79 | 1.15 | 1.00 | 0.10 | 0.11 |
| 0.79 | 1.15 | 2.00 | 0.10 | 0.10 |
| 0.79 | 1.15 | 3.00 | 0.10 | 0.10 |
| 0.79 | 1.15 | 4.00 | 0.10 | 0.09 |
| 0.79 | 1.20 | 1.00 | 0.11 | 0.09 |
| 0.79 | 1.20 | 2.00 | 0.11 | 0.09 |
| 0.79 | 1.20 | 3.00 | 0.11 | 0.09 |
| 0.79 | 1.20 | 4.00 | 0.11 | 0.08 |
| 0.79 | 1.25 | 1.00 | 0.11 | 0.08 |
| 0.79 | 1.25 | 2.00 | 0.11 | 0.08 |
| 0.79 | 1.25 | 3.00 | 0.11 | 0.08 |
| 0.79 | 1.25 | 4.00 | 0.11 | 0.07 |
| 0.79 | 1.30 | 1.00 | 0.11 | 0.07 |
| 0.79 | 1.30 | 2.00 | 0.11 | 0.07 |
| 0.79 | 1.30 | 3.00 | 0.12 | 0.07 |
| 0.79 | 1.30 | 4.00 | 0.12 | 0.07 |
| 0.80 | 1.05 | 1.00 | 0.07 | 0.18 |
| 0.80 | 1.05 | 2.00 | 0.08 | 0.14 |
| 0.80 | 1.05 | 3.00 | 0.08 | 0.12 |
| 0.80 | 1.05 | 4.00 | 0.08 | 0.11 |
| 0.80 | 1.10 | 1.00 | 0.08 | 0.11 |
| 0.80 | 1.10 | 2.00 | 0.08 | 0.10 |
| 0.80 | 1.10 | 3.00 | 0.08 | 0.09 |
| 0.80 | 1.10 | 4.00 | 0.08 | 0.09 |
| 0.80 | 1.15 | 1.00 | 0.08 | 0.09 |
| 0.80 | 1.15 | 2.00 | 0.09 | 0.08 |
| 0.80 | 1.15 | 3.00 | 0.09 | 0.08 |
| 0.80 | 1.15 | 4.00 | 0.09 | 0.08 |
| 0.80 | 1.20 | 1.00 | 0.09 | 0.08 |
| 0.80 | 1.20 | 2.00 | 0.09 | 0.07 |
| 0.80 | 1.20 | 3.00 | 0.09 | 0.07 |
| 0.80 | 1.20 | 4.00 | 0.09 | 0.07 |
| 0.80 | 1.25 | 1.00 | 0.09 | 0.07 |
| 0.80 | 1.25 | 2.00 | 0.09 | 0.07 |
| 0.80 | 1.25 | 3.00 | 0.09 | 0.07 |
| 0.80 | 1.25 | 4.00 | 0.09 | 0.06 |
| 0.80 | 1.30 | 1.00 | 0.09 | 0.06 |
| 0.80 | 1.30 | 2.00 | 0.10 | 0.06 |
| 0.80 | 1.30 | 3.00 | 0.10 | 0.06 |
| 0.80 | 1.30 | 4.00 | 0.10 | 0.06 |
| 0.81 | 1.05 | 1.00 | 0.06 | 0.17 |
| 0.81 | 1.05 | 2.00 | 0.07 | 0.14 |
| 0.81 | 1.05 | 3.00 | 0.07 | 0.12 |
| 0.81 | 1.05 | 4.00 | 0.08 | 0.10 |
| 0.81 | 1.10 | 1.00 | 0.08 | 0.10 |
| 0.81 | 1.10 | 2.00 | 0.08 | 0.10 |
| 0.81 | 1.10 | 3.00 | 0.08 | 0.09 |
| 0.81 | 1.10 | 4.00 | 0.08 | 0.08 |
| 0.81 | 1.15 | 1.00 | 0.08 | 0.08 |
| 0.81 | 1.15 | 2.00 | 0.08 | 0.08 |
| 0.81 | 1.15 | 3.00 | 0.08 | 0.07 |
| 0.81 | 1.15 | 4.00 | 0.08 | 0.07 |
| 0.81 | 1.20 | 1.00 | 0.08 | 0.07 |
| 0.81 | 1.20 | 2.00 | 0.08 | 0.07 |
| 0.81 | 1.20 | 3.00 | 0.08 | 0.06 |
| 0.81 | 1.20 | 4.00 | 0.08 | 0.06 |
| 0.81 | 1.25 | 1.00 | 0.08 | 0.06 |
| 0.81 | 1.25 | 2.00 | 0.08 | 0.06 |
| 0.81 | 1.25 | 3.00 | 0.08 | 0.06 |
| 0.81 | 1.25 | 4.00 | 0.08 | 0.06 |
| 0.81 | 1.30 | 1.00 | 0.08 | 0.05 |
| 0.81 | 1.30 | 2.00 | 0.08 | 0.05 |
| 0.81 | 1.30 | 3.00 | 0.08 | 0.05 |
| 0.81 | 1.30 | 4.00 | 0.08 | 0.05 |
| 0.82 | 1.05 | 1.00 | 0.06 | 0.15 |
| 0.82 | 1.05 | 2.00 | 0.07 | 0.13 |
| 0.82 | 1.05 | 3.00 | 0.07 | 0.11 |
| 0.82 | 1.05 | 4.00 | 0.07 | 0.09 |
| 0.82 | 1.10 | 1.00 | 0.07 | 0.10 |
| 0.82 | 1.10 | 2.00 | 0.07 | 0.09 |
| 0.82 | 1.10 | 3.00 | 0.07 | 0.08 |
| 0.82 | 1.10 | 4.00 | 0.07 | 0.07 |
| 0.82 | 1.15 | 1.00 | 0.07 | 0.07 |
| 0.82 | 1.15 | 2.00 | 0.07 | 0.07 |
| 0.82 | 1.15 | 3.00 | 0.07 | 0.06 |
| 0.82 | 1.15 | 4.00 | 0.07 | 0.06 |
| 0.82 | 1.20 | 1.00 | 0.07 | 0.06 |
| 0.82 | 1.20 | 2.00 | 0.07 | 0.06 |
| 0.82 | 1.20 | 3.00 | 0.07 | 0.06 |
| 0.82 | 1.20 | 4.00 | 0.07 | 0.06 |
| 0.82 | 1.25 | 1.00 | 0.07 | 0.06 |
| 0.82 | 1.25 | 2.00 | 0.08 | 0.05 |
| 0.82 | 1.25 | 3.00 | 0.08 | 0.05 |
| 0.82 | 1.25 | 4.00 | 0.08 | 0.05 |
| 0.82 | 1.30 | 1.00 | 0.08 | 0.05 |
| 0.82 | 1.30 | 2.00 | 0.08 | 0.05 |
| 0.82 | 1.30 | 3.00 | 0.08 | 0.05 |
| 0.82 | 1.30 | 4.00 | 0.08 | 0.05 |
| 0.83 | 1.05 | 1.00 | 0.03 | 0.10 |
| 0.83 | 1.05 | 2.00 | 0.04 | 0.08 |
| 0.83 | 1.05 | 3.00 | 0.04 | 0.07 |
| 0.83 | 1.05 | 4.00 | 0.04 | 0.06 |
| 0.83 | 1.10 | 1.00 | 0.04 | 0.06 |
| 0.83 | 1.10 | 2.00 | 0.04 | 0.06 |
| 0.83 | 1.10 | 3.00 | 0.05 | 0.05 |
| 0.83 | 1.10 | 4.00 | 0.05 | 0.05 |
| 0.83 | 1.15 | 1.00 | 0.05 | 0.05 |
| 0.83 | 1.15 | 2.00 | 0.05 | 0.05 |
| 0.83 | 1.15 | 3.00 | 0.05 | 0.05 |
| 0.83 | 1.15 | 4.00 | 0.05 | 0.04 |
| 0.83 | 1.20 | 1.00 | 0.05 | 0.04 |
| 0.83 | 1.20 | 2.00 | 0.05 | 0.04 |
| 0.83 | 1.20 | 3.00 | 0.05 | 0.04 |
| 0.83 | 1.20 | 4.00 | 0.05 | 0.04 |
| 0.83 | 1.25 | 1.00 | 0.05 | 0.04 |
| 0.83 | 1.25 | 2.00 | 0.05 | 0.04 |
| 0.83 | 1.25 | 3.00 | 0.05 | 0.04 |
| 0.83 | 1.25 | 4.00 | 0.05 | 0.04 |
| 0.83 | 1.30 | 1.00 | 0.05 | 0.04 |
| 0.83 | 1.30 | 2.00 | 0.05 | 0.04 |
| 0.83 | 1.30 | 3.00 | 0.05 | 0.03 |
| 0.83 | 1.30 | 4.00 | 0.05 | 0.03 |
| 0.84 | 1.05 | 1.00 | 0.03 | 0.08 |
| 0.84 | 1.05 | 2.00 | 0.03 | 0.06 |
| 0.84 | 1.05 | 3.00 | 0.03 | 0.05 |
| 0.84 | 1.05 | 4.00 | 0.03 | 0.04 |
| 0.84 | 1.10 | 1.00 | 0.03 | 0.05 |
| 0.84 | 1.10 | 2.00 | 0.03 | 0.04 |
| 0.84 | 1.10 | 3.00 | 0.04 | 0.04 |
| 0.84 | 1.10 | 4.00 | 0.04 | 0.04 |
| 0.84 | 1.15 | 1.00 | 0.04 | 0.04 |
| 0.84 | 1.15 | 2.00 | 0.04 | 0.04 |
| 0.84 | 1.15 | 3.00 | 0.04 | 0.04 |
| 0.84 | 1.15 | 4.00 | 0.04 | 0.04 |
| 0.84 | 1.20 | 1.00 | 0.04 | 0.04 |
| 0.84 | 1.20 | 2.00 | 0.04 | 0.03 |
| 0.84 | 1.20 | 3.00 | 0.04 | 0.03 |
| 0.84 | 1.20 | 4.00 | 0.04 | 0.03 |
| 0.84 | 1.25 | 1.00 | 0.04 | 0.03 |
| 0.84 | 1.25 | 2.00 | 0.04 | 0.03 |
| 0.84 | 1.25 | 3.00 | 0.04 | 0.03 |
| 0.84 | 1.25 | 4.00 | 0.04 | 0.03 |
| 0.84 | 1.30 | 1.00 | 0.04 | 0.03 |
| 0.84 | 1.30 | 2.00 | 0.04 | 0.03 |
| 0.84 | 1.30 | 3.00 | 0.04 | 0.03 |
| 0.84 | 1.30 | 4.00 | 0.04 | 0.03 |
| 0.85 | 1.05 | 1.00 | 0.02 | 0.06 |
| 0.85 | 1.05 | 2.00 | 0.02 | 0.05 |
| 0.85 | 1.05 | 3.00 | 0.02 | 0.04 |
| 0.85 | 1.05 | 4.00 | 0.02 | 0.03 |
| 0.85 | 1.10 | 1.00 | 0.02 | 0.04 |
| 0.85 | 1.10 | 2.00 | 0.02 | 0.03 |
| 0.85 | 1.10 | 3.00 | 0.03 | 0.03 |
| 0.85 | 1.10 | 4.00 | 0.03 | 0.03 |
| 0.85 | 1.15 | 1.00 | 0.03 | 0.03 |
| 0.85 | 1.15 | 2.00 | 0.03 | 0.03 |
| 0.85 | 1.15 | 3.00 | 0.03 | 0.03 |
| 0.85 | 1.15 | 4.00 | 0.03 | 0.03 |
| 0.85 | 1.20 | 1.00 | 0.03 | 0.03 |
| 0.85 | 1.20 | 2.00 | 0.03 | 0.03 |
| 0.85 | 1.20 | 3.00 | 0.03 | 0.03 |
| 0.85 | 1.20 | 4.00 | 0.03 | 0.02 |
| 0.85 | 1.25 | 1.00 | 0.03 | 0.02 |
| 0.85 | 1.25 | 2.00 | 0.03 | 0.02 |
| 0.85 | 1.25 | 3.00 | 0.03 | 0.02 |
| 0.85 | 1.25 | 4.00 | 0.03 | 0.02 |
| 0.85 | 1.30 | 1.00 | 0.03 | 0.02 |
| 0.85 | 1.30 | 2.00 | 0.03 | 0.02 |
| 0.85 | 1.30 | 3.00 | 0.03 | 0.02 |
| 0.85 | 1.30 | 4.00 | 0.03 | 0.02 |
| 0.86 | 1.05 | 1.00 | 0.01 | 0.03 |
| 0.86 | 1.05 | 2.00 | 0.01 | 0.03 |
| 0.86 | 1.05 | 3.00 | 0.01 | 0.02 |
| 0.86 | 1.05 | 4.00 | 0.01 | 0.02 |
| 0.86 | 1.10 | 1.00 | 0.02 | 0.02 |
| 0.86 | 1.10 | 2.00 | 0.02 | 0.02 |
| 0.86 | 1.10 | 3.00 | 0.02 | 0.02 |
| 0.86 | 1.10 | 4.00 | 0.02 | 0.02 |
| 0.86 | 1.15 | 1.00 | 0.02 | 0.02 |
| 0.86 | 1.15 | 2.00 | 0.02 | 0.02 |
| 0.86 | 1.15 | 3.00 | 0.02 | 0.02 |
| 0.86 | 1.15 | 4.00 | 0.02 | 0.02 |
| 0.86 | 1.20 | 1.00 | 0.02 | 0.02 |
| 0.86 | 1.20 | 2.00 | 0.02 | 0.02 |
| 0.86 | 1.20 | 3.00 | 0.02 | 0.02 |
| 0.86 | 1.20 | 4.00 | 0.02 | 0.02 |
| 0.86 | 1.25 | 1.00 | 0.02 | 0.02 |
| 0.86 | 1.25 | 2.00 | 0.02 | 0.02 |
| 0.86 | 1.25 | 3.00 | 0.02 | 0.02 |
| 0.86 | 1.25 | 4.00 | 0.02 | 0.02 |
| 0.86 | 1.30 | 1.00 | 0.02 | 0.02 |
| 0.86 | 1.30 | 2.00 | 0.02 | 0.02 |
| 0.86 | 1.30 | 3.00 | 0.02 | 0.01 |
| 0.86 | 1.30 | 4.00 | 0.02 | 0.01 |
| 0.87 | 1.05 | 1.00 | 0.01 | 0.02 |
| 0.87 | 1.05 | 2.00 | 0.01 | 0.01 |
| 0.87 | 1.05 | 3.00 | 0.01 | 0.01 |
| 0.87 | 1.05 | 4.00 | 0.01 | 0.01 |
| 0.87 | 1.10 | 1.00 | 0.01 | 0.01 |
| 0.87 | 1.10 | 2.00 | 0.01 | 0.01 |
| 0.87 | 1.10 | 3.00 | 0.01 | 0.01 |
| 0.87 | 1.10 | 4.00 | 0.01 | 0.01 |
| 0.87 | 1.15 | 1.00 | 0.01 | 0.01 |
| 0.87 | 1.15 | 2.00 | 0.01 | 0.01 |
| 0.87 | 1.15 | 3.00 | 0.01 | 0.01 |
| 0.87 | 1.15 | 4.00 | 0.01 | 0.01 |
| 0.87 | 1.20 | 1.00 | 0.01 | 0.01 |
| 0.87 | 1.20 | 2.00 | 0.01 | 0.01 |
| 0.87 | 1.20 | 3.00 | 0.01 | 0.01 |
| 0.87 | 1.20 | 4.00 | 0.01 | 0.01 |
| 0.87 | 1.25 | 1.00 | 0.01 | 0.01 |
| 0.87 | 1.25 | 2.00 | 0.01 | 0.01 |
| 0.87 | 1.25 | 3.00 | 0.01 | 0.01 |
| 0.87 | 1.25 | 4.00 | 0.01 | 0.01 |
| 0.87 | 1.30 | 1.00 | 0.01 | 0.01 |
| 0.87 | 1.30 | 2.00 | 0.01 | 0.01 |
| 0.87 | 1.30 | 3.00 | 0.01 | 0.01 |
| 0.87 | 1.30 | 4.00 | 0.01 | 0.01 |
| 0.88 | 1.05 | 1.00 | 0.01 | 0.02 |
| 0.88 | 1.05 | 2.00 | 0.01 | 0.01 |
| 0.88 | 1.05 | 3.00 | 0.01 | 0.01 |
| 0.88 | 1.05 | 4.00 | 0.01 | 0.01 |
| 0.88 | 1.10 | 1.00 | 0.01 | 0.01 |
| 0.88 | 1.10 | 2.00 | 0.01 | 0.01 |
| 0.88 | 1.10 | 3.00 | 0.01 | 0.01 |
| 0.88 | 1.10 | 4.00 | 0.01 | 0.01 |
| 0.88 | 1.15 | 1.00 | 0.01 | 0.01 |
| 0.88 | 1.15 | 2.00 | 0.01 | 0.01 |
| 0.88 | 1.15 | 3.00 | 0.01 | 0.01 |
| 0.88 | 1.15 | 4.00 | 0.01 | 0.01 |
| 0.88 | 1.20 | 1.00 | 0.01 | 0.01 |
| 0.88 | 1.20 | 2.00 | 0.01 | 0.01 |
| 0.88 | 1.20 | 3.00 | 0.01 | 0.01 |
| 0.88 | 1.20 | 4.00 | 0.01 | 0.01 |
| 0.88 | 1.25 | 1.00 | 0.01 | 0.01 |
| 0.88 | 1.25 | 2.00 | 0.01 | 0.01 |
| 0.88 | 1.25 | 3.00 | 0.01 | 0.01 |
| 0.88 | 1.25 | 4.00 | 0.01 | 0.01 |
| 0.88 | 1.30 | 1.00 | 0.01 | 0.01 |
| 0.88 | 1.30 | 2.00 | 0.01 | 0.01 |
| 0.88 | 1.30 | 3.00 | 0.01 | 0.01 |
| 0.88 | 1.30 | 4.00 | 0.01 | 0.01 |
| 0.89 | 1.05 | 1.00 | 0.00 | 0.01 |
| 0.89 | 1.05 | 2.00 | 0.00 | 0.01 |
| 0.89 | 1.05 | 3.00 | 0.00 | 0.01 |
| 0.89 | 1.05 | 4.00 | 0.00 | 0.00 |
| 0.89 | 1.10 | 1.00 | 0.00 | 0.01 |
| 0.89 | 1.10 | 2.00 | 0.00 | 0.01 |
| 0.89 | 1.10 | 3.00 | 0.01 | 0.01 |
| 0.89 | 1.10 | 4.00 | 0.01 | 0.01 |
| 0.89 | 1.15 | 1.00 | 0.01 | 0.01 |
| 0.89 | 1.15 | 2.00 | 0.01 | 0.01 |
| 0.89 | 1.15 | 3.00 | 0.01 | 0.01 |
| 0.89 | 1.15 | 4.00 | 0.01 | 0.01 |
| 0.89 | 1.20 | 1.00 | 0.01 | 0.01 |
| 0.89 | 1.20 | 2.00 | 0.01 | 0.01 |
| 0.89 | 1.20 | 3.00 | 0.01 | 0.01 |
| 0.89 | 1.20 | 4.00 | 0.01 | 0.00 |
| 0.89 | 1.25 | 1.00 | 0.01 | 0.00 |
| 0.89 | 1.25 | 2.00 | 0.01 | 0.00 |
| 0.89 | 1.25 | 3.00 | 0.01 | 0.00 |
| 0.89 | 1.25 | 4.00 | 0.01 | 0.00 |
| 0.89 | 1.30 | 1.00 | 0.01 | 0.00 |
| 0.89 | 1.30 | 2.00 | 0.01 | 0.00 |
| 0.89 | 1.30 | 3.00 | 0.01 | 0.00 |
| 0.89 | 1.30 | 4.00 | 0.01 | 0.00 |
| 0.90 | 1.05 | 1.00 | 0.00 | 0.01 |
| 0.90 | 1.05 | 2.00 | 0.00 | 0.01 |
| 0.90 | 1.05 | 3.00 | 0.00 | 0.01 |
| 0.90 | 1.05 | 4.00 | 0.00 | 0.00 |
| 0.90 | 1.10 | 1.00 | 0.00 | 0.01 |
| 0.90 | 1.10 | 2.00 | 0.00 | 0.01 |
| 0.90 | 1.10 | 3.00 | 0.01 | 0.01 |
| 0.90 | 1.10 | 4.00 | 0.01 | 0.01 |
| 0.90 | 1.15 | 1.00 | 0.01 | 0.01 |
| 0.90 | 1.15 | 2.00 | 0.01 | 0.01 |
| 0.90 | 1.15 | 3.00 | 0.01 | 0.01 |
| 0.90 | 1.15 | 4.00 | 0.01 | 0.01 |
| 0.90 | 1.20 | 1.00 | 0.01 | 0.01 |
| 0.90 | 1.20 | 2.00 | 0.01 | 0.00 |
| 0.90 | 1.20 | 3.00 | 0.00 | 0.00 |
| 0.90 | 1.20 | 4.00 | 0.00 | 0.00 |
| 0.90 | 1.25 | 1.00 | 0.00 | 0.00 |
| 0.90 | 1.25 | 2.00 | 0.00 | 0.00 |
| 0.90 | 1.25 | 3.00 | 0.00 | 0.00 |
| 0.90 | 1.25 | 4.00 | 0.00 | 0.00 |
| 0.90 | 1.30 | 1.00 | 0.00 | 0.00 |
| 0.90 | 1.30 | 2.00 | 0.00 | 0.00 |
| 0.90 | 1.30 | 3.00 | 0.00 | 0.00 |
| 0.90 | 1.30 | 4.00 | 0.00 | 0.00 |
| 0.91 | 1.05 | 1.00 | 0.00 | 0.01 |
| 0.91 | 1.05 | 2.00 | 0.00 | 0.01 |
| 0.91 | 1.05 | 3.00 | 0.00 | 0.01 |
| 0.91 | 1.05 | 4.00 | 0.00 | 0.00 |
| 0.91 | 1.10 | 1.00 | 0.00 | 0.01 |
| 0.91 | 1.10 | 2.00 | 0.00 | 0.00 |
| 0.91 | 1.10 | 3.00 | 0.00 | 0.00 |
| 0.91 | 1.10 | 4.00 | 0.00 | 0.00 |
| 0.91 | 1.15 | 1.00 | 0.00 | 0.00 |
| 0.91 | 1.15 | 2.00 | 0.00 | 0.00 |
| 0.91 | 1.15 | 3.00 | 0.00 | 0.00 |
| 0.91 | 1.15 | 4.00 | 0.00 | 0.00 |
| 0.91 | 1.20 | 1.00 | 0.00 | 0.00 |
| 0.91 | 1.20 | 2.00 | 0.00 | 0.00 |
| 0.91 | 1.20 | 3.00 | 0.00 | 0.00 |
| 0.91 | 1.20 | 4.00 | 0.00 | 0.00 |
| 0.91 | 1.25 | 1.00 | 0.00 | 0.00 |
| 0.91 | 1.25 | 2.00 | 0.00 | 0.00 |
| 0.91 | 1.25 | 3.00 | 0.00 | 0.00 |
| 0.91 | 1.25 | 4.00 | 0.00 | 0.00 |
| 0.91 | 1.30 | 1.00 | 0.00 | 0.00 |
| 0.91 | 1.30 | 2.00 | 0.00 | 0.00 |
| 0.91 | 1.30 | 3.00 | 0.00 | 0.00 |
| 0.91 | 1.30 | 4.00 | 0.00 | 0.00 |
| 0.92 | 1.05 | 1.00 | 0.00 | 0.00 |
| 0.92 | 1.05 | 2.00 | 0.00 | 0.00 |
| 0.92 | 1.05 | 3.00 | 0.00 | 0.00 |
| 0.92 | 1.05 | 4.00 | 0.00 | 0.00 |
| 0.92 | 1.10 | 1.00 | 0.00 | 0.00 |
| 0.92 | 1.10 | 2.00 | 0.00 | 0.00 |
| 0.92 | 1.10 | 3.00 | 0.00 | 0.00 |
| 0.92 | 1.10 | 4.00 | 0.00 | 0.00 |
| 0.92 | 1.15 | 1.00 | 0.00 | 0.00 |
| 0.92 | 1.15 | 2.00 | 0.00 | 0.00 |
| 0.92 | 1.15 | 3.00 | 0.00 | 0.00 |
| 0.92 | 1.15 | 4.00 | 0.00 | 0.00 |
| 0.92 | 1.20 | 1.00 | 0.00 | 0.00 |
| 0.92 | 1.20 | 2.00 | 0.00 | 0.00 |
| 0.92 | 1.20 | 3.00 | 0.00 | 0.00 |
| 0.92 | 1.20 | 4.00 | 0.00 | 0.00 |
| 0.92 | 1.25 | 1.00 | 0.00 | 0.00 |
| 0.92 | 1.25 | 2.00 | 0.00 | 0.00 |
| 0.92 | 1.25 | 3.00 | 0.00 | 0.00 |
| 0.92 | 1.25 | 4.00 | 0.00 | 0.00 |
| 0.92 | 1.30 | 1.00 | 0.00 | 0.00 |
| 0.92 | 1.30 | 2.00 | 0.00 | 0.00 |
| 0.92 | 1.30 | 3.00 | 0.00 | 0.00 |
| 0.92 | 1.30 | 4.00 | 0.00 | 0.00 |
| 0.93 | 1.05 | 1.00 | 0.00 | 0.00 |
| 0.93 | 1.05 | 2.00 | 0.00 | 0.00 |
| 0.93 | 1.05 | 3.00 | 0.00 | 0.00 |
| 0.93 | 1.05 | 4.00 | 0.00 | 0.00 |
| 0.93 | 1.10 | 1.00 | 0.00 | 0.00 |
| 0.93 | 1.10 | 2.00 | 0.00 | 0.00 |
| 0.93 | 1.10 | 3.00 | 0.00 | 0.00 |
| 0.93 | 1.10 | 4.00 | 0.00 | 0.00 |
| 0.93 | 1.15 | 1.00 | 0.00 | 0.00 |
| 0.93 | 1.15 | 2.00 | 0.00 | 0.00 |
| 0.93 | 1.15 | 3.00 | 0.00 | 0.00 |
| 0.93 | 1.15 | 4.00 | 0.00 | 0.00 |
| 0.93 | 1.20 | 1.00 | 0.00 | 0.00 |
| 0.93 | 1.20 | 2.00 | 0.00 | 0.00 |
| 0.93 | 1.20 | 3.00 | 0.00 | 0.00 |
| 0.93 | 1.20 | 4.00 | 0.00 | 0.00 |
| 0.93 | 1.25 | 1.00 | 0.00 | 0.00 |
| 0.93 | 1.25 | 2.00 | 0.00 | 0.00 |
| 0.93 | 1.25 | 3.00 | 0.00 | 0.00 |
| 0.93 | 1.25 | 4.00 | 0.00 | 0.00 |
| 0.93 | 1.30 | 1.00 | 0.00 | 0.00 |
| 0.93 | 1.30 | 2.00 | 0.00 | 0.00 |
| 0.93 | 1.30 | 3.00 | 0.00 | 0.00 |
| 0.93 | 1.30 | 4.00 | 0.00 | 0.00 |
| 0.94 | 1.05 | 1.00 | 0.00 | 0.00 |
| 0.94 | 1.05 | 2.00 | 0.00 | 0.00 |
| 0.94 | 1.05 | 3.00 | 0.00 | 0.00 |
| 0.94 | 1.05 | 4.00 | 0.00 | 0.00 |
| 0.94 | 1.10 | 1.00 | 0.00 | 0.00 |
| 0.94 | 1.10 | 2.00 | 0.00 | 0.00 |
| 0.94 | 1.10 | 3.00 | 0.00 | 0.00 |
| 0.94 | 1.10 | 4.00 | 0.00 | 0.00 |
| 0.94 | 1.15 | 1.00 | 0.00 | 0.00 |
| 0.94 | 1.15 | 2.00 | 0.00 | 0.00 |
| 0.94 | 1.15 | 3.00 | 0.00 | 0.00 |
| 0.94 | 1.15 | 4.00 | 0.00 | 0.00 |
| 0.94 | 1.20 | 1.00 | 0.00 | 0.00 |
| 0.94 | 1.20 | 2.00 | 0.00 | 0.00 |
| 0.94 | 1.20 | 3.00 | 0.00 | 0.00 |
| 0.94 | 1.20 | 4.00 | 0.00 | 0.00 |
| 0.94 | 1.25 | 1.00 | 0.00 | 0.00 |
| 0.94 | 1.25 | 2.00 | 0.00 | 0.00 |
| 0.94 | 1.25 | 3.00 | 0.00 | 0.00 |
| 0.94 | 1.25 | 4.00 | 0.00 | 0.00 |
| 0.94 | 1.30 | 1.00 | 0.00 | 0.00 |
| 0.94 | 1.30 | 2.00 | 0.00 | 0.00 |
| 0.94 | 1.30 | 3.00 | 0.00 | 0.00 |
| 0.94 | 1.30 | 4.00 | 0.00 | 0.00 |
| 0.95 | 1.05 | 1.00 | 0.00 | 0.00 |
| 0.95 | 1.05 | 2.00 | 0.00 | 0.00 |
| 0.95 | 1.05 | 3.00 | 0.00 | 0.00 |
| 0.95 | 1.05 | 4.00 | 0.00 | 0.00 |
| 0.95 | 1.10 | 1.00 | 0.00 | 0.00 |
| 0.95 | 1.10 | 2.00 | 0.00 | 0.00 |
| 0.95 | 1.10 | 3.00 | 0.00 | 0.00 |
| 0.95 | 1.10 | 4.00 | 0.00 | 0.00 |
| 0.95 | 1.15 | 1.00 | 0.00 | 0.00 |
| 0.95 | 1.15 | 2.00 | 0.00 | 0.00 |
| 0.95 | 1.15 | 3.00 | 0.00 | 0.00 |
| 0.95 | 1.15 | 4.00 | 0.00 | 0.00 |
| 0.95 | 1.20 | 1.00 | 0.00 | 0.00 |
| 0.95 | 1.20 | 2.00 | 0.00 | 0.00 |
| 0.95 | 1.20 | 3.00 | 0.00 | 0.00 |
| 0.95 | 1.20 | 4.00 | 0.00 | 0.00 |
| 0.95 | 1.25 | 1.00 | 0.00 | 0.00 |
| 0.95 | 1.25 | 2.00 | 0.00 | 0.00 |
| 0.95 | 1.25 | 3.00 | 0.00 | 0.00 |
| 0.95 | 1.25 | 4.00 | 0.00 | 0.00 |
| 0.95 | 1.30 | 1.00 | 0.00 | 0.00 |
| 0.95 | 1.30 | 2.00 | 0.00 | 0.00 |
| 0.95 | 1.30 | 3.00 | 0.00 | 0.00 |
| 0.95 | 1.30 | 4.00 | 0.00 | 0.00 |
| 0.96 | 1.05 | 1.00 | 0.00 | 0.00 |
| 0.96 | 1.05 | 2.00 | 0.00 | 0.00 |
| 0.96 | 1.05 | 3.00 | 0.00 | 0.00 |
| 0.96 | 1.05 | 4.00 | 0.00 | 0.00 |
| 0.96 | 1.10 | 1.00 | 0.00 | 0.00 |
| 0.96 | 1.10 | 2.00 | 0.00 | 0.00 |
| 0.96 | 1.10 | 3.00 | 0.00 | 0.00 |
| 0.96 | 1.10 | 4.00 | 0.00 | 0.00 |
| 0.96 | 1.15 | 1.00 | 0.00 | 0.00 |
| 0.96 | 1.15 | 2.00 | 0.00 | 0.00 |
| 0.96 | 1.15 | 3.00 | 0.00 | 0.00 |
| 0.96 | 1.15 | 4.00 | 0.00 | 0.00 |
| 0.96 | 1.20 | 1.00 | 0.00 | 0.00 |
| 0.96 | 1.20 | 2.00 | 0.00 | 0.00 |
| 0.96 | 1.20 | 3.00 | 0.00 | 0.00 |
| 0.96 | 1.20 | 4.00 | 0.00 | 0.00 |
| 0.96 | 1.25 | 1.00 | 0.00 | 0.00 |
| 0.96 | 1.25 | 2.00 | 0.00 | 0.00 |
| 0.96 | 1.25 | 3.00 | 0.00 | 0.00 |
| 0.96 | 1.25 | 4.00 | 0.00 | 0.00 |
| 0.96 | 1.30 | 1.00 | 0.00 | 0.00 |
| 0.96 | 1.30 | 2.00 | 0.00 | 0.00 |
| 0.96 | 1.30 | 3.00 | 0.00 | 0.00 |
| 0.96 | 1.30 | 4.00 | 0.00 | 0.00 |
| 0.97 | 1.05 | 1.00 | 0.00 | 0.00 |
| 0.97 | 1.05 | 2.00 | 0.00 | 0.00 |
| 0.97 | 1.05 | 3.00 | 0.00 | 0.00 |
| 0.97 | 1.05 | 4.00 | 0.00 | 0.00 |
| 0.97 | 1.10 | 1.00 | 0.00 | 0.00 |
| 0.97 | 1.10 | 2.00 | 0.00 | 0.00 |
| 0.97 | 1.10 | 3.00 | 0.00 | 0.00 |
| 0.97 | 1.10 | 4.00 | 0.00 | 0.00 |
| 0.97 | 1.15 | 1.00 | 0.00 | 0.00 |
| 0.97 | 1.15 | 2.00 | 0.00 | 0.00 |
| 0.97 | 1.15 | 3.00 | 0.00 | 0.00 |
| 0.97 | 1.15 | 4.00 | 0.00 | 0.00 |
| 0.97 | 1.20 | 1.00 | 0.00 | 0.00 |
| 0.97 | 1.20 | 2.00 | 0.00 | 0.00 |
| 0.97 | 1.20 | 3.00 | 0.00 | 0.00 |
| 0.97 | 1.20 | 4.00 | 0.00 | 0.00 |
| 0.97 | 1.25 | 1.00 | 0.00 | 0.00 |
| 0.97 | 1.25 | 2.00 | 0.00 | 0.00 |
| 0.97 | 1.25 | 3.00 | 0.00 | 0.00 |
| 0.97 | 1.25 | 4.00 | 0.00 | 0.00 |
| 0.97 | 1.30 | 1.00 | 0.00 | 0.00 |
| 0.97 | 1.30 | 2.00 | 0.00 | 0.00 |
| 0.97 | 1.30 | 3.00 | 0.00 | 0.00 |
| 0.97 | 1.30 | 4.00 | 0.00 | 0.00 |
| 0.98 | 1.05 | 1.00 | 0.00 | 0.00 |
| 0.98 | 1.05 | 2.00 | 0.00 | 0.00 |
| 0.98 | 1.05 | 3.00 | 0.00 | 0.00 |
| 0.98 | 1.05 | 4.00 | 0.00 | 0.00 |
| 0.98 | 1.10 | 1.00 | 0.00 | 0.00 |
| 0.98 | 1.10 | 2.00 | 0.00 | 0.00 |
| 0.98 | 1.10 | 3.00 | 0.00 | 0.00 |
| 0.98 | 1.10 | 4.00 | 0.00 | 0.00 |
| 0.98 | 1.15 | 1.00 | 0.00 | 0.00 |
| 0.98 | 1.15 | 2.00 | 0.00 | 0.00 |
| 0.98 | 1.15 | 3.00 | 0.00 | 0.00 |
| 0.98 | 1.15 | 4.00 | 0.00 | 0.00 |
| 0.98 | 1.20 | 1.00 | 0.00 | 0.00 |
| 0.98 | 1.20 | 2.00 | 0.00 | 0.00 |
| 0.98 | 1.20 | 3.00 | 0.00 | 0.00 |
| 0.98 | 1.20 | 4.00 | 0.00 | 0.00 |
| 0.98 | 1.25 | 1.00 | 0.00 | 0.00 |
| 0.98 | 1.25 | 2.00 | 0.00 | 0.00 |
| 0.98 | 1.25 | 3.00 | 0.00 | 0.00 |
| 0.98 | 1.25 | 4.00 | 0.00 | 0.00 |
| 0.98 | 1.30 | 1.00 | 0.00 | 0.00 |
| 0.98 | 1.30 | 2.00 | 0.00 | 0.00 |
| 0.98 | 1.30 | 3.00 | 0.00 | 0.00 |
| 0.98 | 1.30 | 4.00 | 0.00 | 0.00 |
| 0.99 | 1.05 | 1.00 | 0.00 | 0.00 |
| 0.99 | 1.05 | 2.00 | 0.00 | 0.00 |
| 0.99 | 1.05 | 3.00 | 0.00 | 0.00 |
| 0.99 | 1.05 | 4.00 | 0.00 | 0.00 |
| 0.99 | 1.10 | 1.00 | 0.00 | 0.00 |
| 0.99 | 1.10 | 2.00 | 0.00 | 0.00 |
| 0.99 | 1.10 | 3.00 | 0.00 | 0.00 |
| 0.99 | 1.10 | 4.00 | 0.00 | 0.00 |
| 0.99 | 1.15 | 1.00 | 0.00 | 0.00 |
| 0.99 | 1.15 | 2.00 | 0.00 | 0.00 |
| 0.99 | 1.15 | 3.00 | 0.00 | 0.00 |
| 0.99 | 1.15 | 4.00 | 0.00 | 0.00 |
| 0.99 | 1.20 | 1.00 | 0.00 | 0.00 |
| 0.99 | 1.20 | 2.00 | 0.00 | 0.00 |
| 0.99 | 1.20 | 3.00 | 0.00 | 0.00 |
| 0.99 | 1.20 | 4.00 | 0.00 | 0.00 |
| 0.99 | 1.25 | 1.00 | 0.00 | 0.00 |
| 0.99 | 1.25 | 2.00 | 0.00 | 0.00 |
| 0.99 | 1.25 | 3.00 | 0.00 | 0.00 |
| 0.99 | 1.25 | 4.00 | 0.00 | 0.00 |
| 0.99 | 1.30 | 1.00 | 0.00 | 0.00 |
| 0.99 | 1.30 | 2.00 | 0.00 | 0.00 |
| 0.99 | 1.30 | 3.00 | 0.00 | 0.00 |
| 0.99 | 1.30 | 4.00 | 0.00 | 0.00 |
| 1.00 | 1.05 | 1.00 | 0.00 | 0.00 |
| 1.00 | 1.05 | 2.00 | 0.00 | 0.00 |
| 1.00 | 1.05 | 3.00 | 0.00 | 0.00 |
| 1.00 | 1.05 | 4.00 | 0.00 | 0.00 |
| 1.00 | 1.10 | 1.00 | 0.00 | 0.00 |
| 1.00 | 1.10 | 2.00 | 0.00 | 0.00 |
| 1.00 | 1.10 | 3.00 | 0.00 | 0.00 |
| 1.00 | 1.10 | 4.00 | 0.00 | 0.00 |
| 1.00 | 1.15 | 1.00 | 0.00 | 0.00 |
| 1.00 | 1.15 | 2.00 | 0.00 | 0.00 |
| 1.00 | 1.15 | 3.00 | 0.00 | 0.00 |
| 1.00 | 1.15 | 4.00 | 0.00 | 0.00 |
| 1.00 | 1.20 | 1.00 | 0.00 | 0.00 |
| 1.00 | 1.20 | 2.00 | 0.00 | 0.00 |
| 1.00 | 1.20 | 3.00 | 0.00 | 0.00 |
| 1.00 | 1.20 | 4.00 | 0.00 | 0.00 |
| 1.00 | 1.25 | 1.00 | 0.00 | 0.00 |
| 1.00 | 1.25 | 2.00 | 0.00 | 0.00 |
| 1.00 | 1.25 | 3.00 | 0.00 | 0.00 |
| 1.00 | 1.25 | 4.00 | 0.00 | 0.00 |
| 1.00 | 1.30 | 1.00 | 0.00 | 0.00 |
| 1.00 | 1.30 | 2.00 | 0.00 | 0.00 |
| 1.00 | 1.30 | 3.00 | 0.00 | 0.00 |
| 1.00 | 1.30 | 4.00 | 0.00 | 0.00 |
